1.340000000000000080e-01 1.310000000000000053e-01 5.540000000000000480e-01 2.449999999999999956e-01
1.340000000000000080e-01 2.620000000000000107e-01 4.729999999999999760e-01 4.819999999999999840e-01
1.340000000000000080e-01 3.930000000000000160e-01 3.900000000000000133e-01 7.189999999999999725e-01
1.340000000000000080e-01 5.250000000000000222e-01 3.059999999999999942e-01 9.599999999999999645e-01
1.340000000000000080e-01 6.560000000000000275e-01 2.159999999999999976e-01 1.203999999999999959e+00
1.340000000000000080e-01 7.870000000000000329e-01 1.729999999999999871e-01 1.449000000000000066e+00
1.340000000000000080e-01 9.360000000000000542e-01 2.059999999999999887e-01 1.695000000000000062e+00
1.340000000000000080e-01 1.173999999999999932e+00 3.210000000000000075e-01 1.941999999999999948e+00
1.340000000000000080e-01 1.545999999999999819e+00 5.510000000000000453e-01 2.194999999999999840e+00
1.340000000000000080e-01 2.088999999999999968e+00 9.040000000000000258e-01 2.505999999999999783e+00
1.970000000000000084e-01 2.852999999999999758e+00 1.320999999999999952e+00 3.023000000000000131e+00
3.880000000000000115e-01 3.892999999999999794e+00 1.709999999999999964e+00 3.710999999999999854e+00
6.790000000000000480e-01 5.316000000000000725e+00 2.216000000000000192e+00 4.533999999999999808e+00
1.086999999999999966e+00 7.286999999999999922e+00 3.052000000000000046e+00 5.429999999999999716e+00
1.606999999999999984e+00 1.015600000000000058e+01 4.463000000000000078e+00 6.413000000000000256e+00
2.819999999999999840e+00 1.381000000000000050e+01 5.842999999999999972e+00 7.491999999999999993e+00
4.721000000000000085e+00 1.775799999999999912e+01 6.796000000000000263e+00 8.592999999999999972e+00
7.301999999999999602e+00 2.178200000000000003e+01 7.190999999999999837e+00 9.648999999999999133e+00
9.910999999999999588e+00 2.544800000000000040e+01 7.278999999999999915e+00 1.063400000000000034e+01
1.218500000000000050e+01 2.849399999999999977e+01 7.184999999999999609e+00 1.151999999999999957e+01
1.409800000000000075e+01 3.107500000000000284e+01 7.059999999999999609e+00 1.233300000000000018e+01
1.571000000000000085e+01 3.331499999999999773e+01 6.945999999999999730e+00 1.310100000000000087e+01
1.711700000000000088e+01 3.527000000000000313e+01 6.796000000000000263e+00 1.383099999999999952e+01
1.837000000000000099e+01 3.700600000000000023e+01 6.602000000000000313e+00 1.454299999999999926e+01
1.949099999999999966e+01 3.855599999999999739e+01 6.384000000000000341e+00 1.524000000000000021e+01
2.045200000000000173e+01 3.995000000000000284e+01 6.285000000000000142e+00 1.592699999999999960e+01
2.127499999999999858e+01 4.121899999999999409e+01 6.254999999999999893e+00 1.660900000000000176e+01
2.199200000000000088e+01 4.238100000000000023e+01 6.224999999999999645e+00 1.728800000000000026e+01
2.260900000000000176e+01 4.344500000000000028e+01 6.203000000000000291e+00 1.796300000000000097e+01
2.313899999999999935e+01 4.442699999999999960e+01 6.184999999999999609e+00 1.863599999999999923e+01
2.359600000000000009e+01 4.533500000000000085e+01 6.168999999999999595e+00 1.930699999999999861e+01
2.399200000000000088e+01 4.618200000000000216e+01 6.152999999999999581e+00 1.997800000000000153e+01
2.432499999999999929e+01 4.697100000000000364e+01 6.137999999999999901e+00 2.064799999999999969e+01
2.459199999999999875e+01 4.771099999999999852e+01 6.125000000000000000e+00 2.131599999999999895e+01
2.480099999999999838e+01 4.840400000000000347e+01 6.112000000000000099e+00 2.198300000000000054e+01
2.495700000000000074e+01 4.905700000000000216e+01 6.100999999999999979e+00 2.265099999999999980e+01
2.507300000000000040e+01 4.967399999999999949e+01 6.083999999999999631e+00 2.331899999999999906e+01
2.516100000000000136e+01 5.025800000000000267e+01 6.052999999999999936e+00 2.398600000000000065e+01
2.522700000000000031e+01 5.081099999999999994e+01 6.006999999999999673e+00 2.465200000000000102e+01
2.527100000000000080e+01 5.133700000000000330e+01 5.950000000000000178e+00 2.531700000000000017e+01
2.529799999999999827e+01 5.184000000000000341e+01 5.878999999999999559e+00 2.598400000000000176e+01
2.531200000000000117e+01 5.231900000000000261e+01 5.793000000000000149e+00 2.664999999999999858e+01
2.531500000000000128e+01 5.277799999999999869e+01 5.692000000000000171e+00 2.731599999999999895e+01
2.531500000000000128e+01 5.321699999999999875e+01 5.575999999999999623e+00 2.797500000000000142e+01
2.531500000000000128e+01 5.363900000000000290e+01 5.445999999999999730e+00 2.862699999999999889e+01
2.531500000000000128e+01 5.404599999999999937e+01 5.304000000000000270e+00 2.927299999999999969e+01
2.531500000000000128e+01 5.443699999999999761e+01 5.150999999999999801e+00 2.991000000000000014e+01
2.531500000000000128e+01 5.481400000000000006e+01 4.988000000000000433e+00 3.053999999999999915e+01
