1.340000000000000080e-01 1.310000000000000053e-01 6.540000000000000258e-01 1.459999999999999909e-01
1.340000000000000080e-01 2.620000000000000107e-01 6.850000000000000533e-01 2.710000000000000187e-01
1.340000000000000080e-01 3.930000000000000160e-01 7.129999999999999671e-01 3.980000000000000204e-01
1.340000000000000080e-01 5.250000000000000222e-01 7.409999999999999920e-01 5.250000000000000222e-01
1.340000000000000080e-01 6.560000000000000275e-01 7.680000000000000160e-01 6.520000000000000240e-01
1.340000000000000080e-01 7.870000000000000329e-01 7.930000000000000382e-01 7.820000000000000284e-01
1.340000000000000080e-01 9.270000000000000462e-01 8.249999999999999556e-01 9.130000000000000338e-01
1.340000000000000080e-01 1.114999999999999991e+00 9.040000000000000258e-01 1.044999999999999929e+00
1.340000000000000080e-01 1.377999999999999892e+00 1.056999999999999940e+00 1.179999999999999938e+00
1.340000000000000080e-01 1.737999999999999989e+00 1.300999999999999934e+00 1.318999999999999950e+00
1.340000000000000080e-01 2.225000000000000089e+00 1.633000000000000007e+00 1.538999999999999924e+00
1.690000000000000113e-01 2.870000000000000107e+00 2.016999999999999904e+00 1.877999999999999892e+00
3.089999999999999969e-01 3.729000000000000092e+00 2.464999999999999858e+00 2.327999999999999847e+00
6.139999999999999902e-01 4.889000000000000234e+00 2.971000000000000085e+00 2.867999999999999883e+00
1.135999999999999899e+00 6.531000000000000583e+00 3.678999999999999826e+00 3.472999999999999865e+00
1.786000000000000032e+00 8.609999999999999432e+00 4.576999999999999957e+00 4.149000000000000021e+00
2.471999999999999975e+00 1.088400000000000034e+01 5.519999999999999574e+00 4.847000000000000419e+00
3.390000000000000124e+00 1.323800000000000132e+01 6.296999999999999709e+00 5.524000000000000021e+00
4.589999999999999858e+00 1.542800000000000082e+01 6.671999999999999709e+00 6.155999999999999694e+00
5.916000000000000369e+00 1.729800000000000182e+01 6.650000000000000355e+00 6.743999999999999773e+00
7.256999999999999673e+00 1.892300000000000182e+01 6.517999999999999794e+00 7.286999999999999922e+00
8.497999999999999332e+00 2.037099999999999866e+01 6.403999999999999915e+00 7.793000000000000149e+00
9.567999999999999616e+00 2.166699999999999804e+01 6.352000000000000313e+00 8.271000000000000796e+00
1.052899999999999991e+01 2.284299999999999997e+01 6.309000000000000163e+00 8.734999999999999432e+00
1.138700000000000045e+01 2.391400000000000148e+01 6.272999999999999687e+00 9.188000000000000611e+00
1.215600000000000058e+01 2.489400000000000190e+01 6.241999999999999993e+00 9.632999999999999119e+00
1.285100000000000087e+01 2.579899999999999949e+01 6.213000000000000078e+00 1.007499999999999929e+01
1.347799999999999976e+01 2.663799999999999812e+01 6.189000000000000057e+00 1.051399999999999935e+01
1.404199999999999982e+01 2.741599999999999682e+01 6.171000000000000263e+00 1.094999999999999929e+01
1.454199999999999982e+01 2.814299999999999713e+01 6.153999999999999915e+00 1.138400000000000034e+01
1.497899999999999920e+01 2.882199999999999918e+01 6.141000000000000014e+00 1.181600000000000072e+01
1.536400000000000077e+01 2.946099999999999852e+01 6.129999999999999893e+00 1.224799999999999933e+01
1.569800000000000040e+01 3.006299999999999883e+01 6.121000000000000441e+00 1.267900000000000027e+01
1.599000000000000021e+01 3.063200000000000145e+01 6.112000000000000099e+00 1.310899999999999999e+01
1.624200000000000088e+01 3.117000000000000171e+01 6.105000000000000426e+00 1.353800000000000026e+01
1.645899999999999963e+01 3.168200000000000216e+01 6.097999999999999865e+00 1.396700000000000053e+01
1.664499999999999957e+01 3.216899999999999693e+01 6.091000000000000192e+00 1.439600000000000080e+01
1.680099999999999838e+01 3.263400000000000034e+01 6.086000000000000298e+00 1.482399999999999984e+01
1.693199999999999861e+01 3.307800000000000296e+01 6.080000000000000071e+00 1.525300000000000011e+01
1.703900000000000148e+01 3.350300000000000011e+01 6.075000000000000178e+00 1.567900000000000027e+01
1.713400000000000034e+01 3.391199999999999903e+01 6.067999999999999616e+00 1.609900000000000020e+01
1.721600000000000108e+01 3.430499999999999972e+01 6.060999999999999943e+00 1.651099999999999923e+01
1.728800000000000026e+01 3.468200000000000216e+01 6.051999999999999602e+00 1.691499999999999915e+01
1.735600000000000165e+01 3.504599999999999937e+01 6.038000000000000256e+00 1.731200000000000117e+01
1.742000000000000171e+01 3.539799999999999613e+01 6.019999999999999574e+00 1.770200000000000173e+01
1.747899999999999920e+01 3.574000000000000199e+01 5.998000000000000220e+00 1.808599999999999852e+01
1.753600000000000136e+01 3.606900000000000261e+01 5.971000000000000085e+00 1.846399999999999864e+01
1.758999999999999986e+01 3.638900000000000290e+01 5.940000000000000391e+00 1.883599999999999852e+01
