1.130000000000000032e-01 1.310000000000000053e-01 6.560000000000000275e-01 1.650000000000000078e-01
1.130000000000000032e-01 2.620000000000000107e-01 6.870000000000000551e-01 2.889999999999999791e-01
1.130000000000000032e-01 3.930000000000000160e-01 7.149999999999999689e-01 4.149999999999999800e-01
1.130000000000000032e-01 5.250000000000000222e-01 7.429999999999999938e-01 5.410000000000000364e-01
1.130000000000000032e-01 6.560000000000000275e-01 7.700000000000000178e-01 6.670000000000000373e-01
1.130000000000000032e-01 7.870000000000000329e-01 7.950000000000000400e-01 7.960000000000000409e-01
1.130000000000000032e-01 9.380000000000000560e-01 8.379999999999999671e-01 9.270000000000000462e-01
1.130000000000000032e-01 1.183999999999999941e+00 9.749999999999999778e-01 1.060000000000000053e+00
1.130000000000000032e-01 1.574999999999999956e+00 1.250999999999999890e+00 1.197999999999999954e+00
1.130000000000000032e-01 2.149999999999999911e+00 1.667000000000000037e+00 1.377000000000000002e+00
1.130000000000000032e-01 2.961000000000000298e+00 2.162999999999999812e+00 1.705999999999999961e+00
1.509999999999999953e-01 4.068999999999999950e+00 2.790000000000000036e+00 2.173999999999999932e+00
4.430000000000000049e-01 5.586000000000000298e+00 3.434000000000000163e+00 2.773000000000000131e+00
9.050000000000000266e-01 7.684000000000000163e+00 4.413999999999999702e+00 3.444999999999999840e+00
1.709999999999999964e+00 1.072400000000000020e+01 5.876999999999999780e+00 4.205000000000000071e+00
3.721000000000000085e+00 1.458200000000000074e+01 6.865999999999999659e+00 5.073999999999999844e+00
6.557999999999999829e+00 1.874899999999999878e+01 7.325000000000000178e+00 5.964000000000000412e+00
9.778999999999999915e+00 2.299500000000000099e+01 7.527999999999999581e+00 6.804999999999999716e+00
1.292500000000000071e+01 2.685500000000000043e+01 7.496000000000000441e+00 7.572000000000000064e+00
1.566300000000000026e+01 3.005400000000000205e+01 7.315999999999999837e+00 8.233999999999999986e+00
1.797899999999999920e+01 3.275800000000000267e+01 7.141000000000000014e+00 8.816000000000000725e+00
1.992999999999999972e+01 3.509900000000000375e+01 7.016000000000000014e+00 9.349999999999999645e+00
2.159799999999999898e+01 3.713900000000000290e+01 6.913000000000000256e+00 9.848000000000000753e+00
2.304599999999999937e+01 3.894700000000000273e+01 6.823000000000000398e+00 1.032399999999999984e+01
2.430699999999999861e+01 4.055599999999999739e+01 6.735000000000000320e+00 1.078400000000000070e+01
2.541900000000000048e+01 4.200199999999999534e+01 6.645999999999999908e+00 1.123399999999999999e+01
2.643199999999999861e+01 4.331499999999999773e+01 6.532000000000000028e+00 1.167800000000000082e+01
2.736400000000000077e+01 4.451500000000000057e+01 6.400000000000000355e+00 1.211899999999999977e+01
2.822200000000000131e+01 4.561400000000000432e+01 6.240000000000000213e+00 1.255599999999999916e+01
2.885300000000000153e+01 4.662600000000000477e+01 6.211999999999999744e+00 1.299099999999999966e+01
2.940099999999999980e+01 4.756099999999999994e+01 6.190000000000000391e+00 1.342399999999999949e+01
2.987999999999999901e+01 4.843200000000000216e+01 6.173000000000000043e+00 1.385699999999999932e+01
3.029700000000000060e+01 4.924300000000000210e+01 6.158000000000000362e+00 1.428800000000000026e+01
3.066199999999999903e+01 5.000300000000000011e+01 6.144999999999999574e+00 1.471799999999999997e+01
3.098799999999999955e+01 5.071300000000000097e+01 6.131999999999999673e+00 1.513700000000000045e+01
3.128399999999999892e+01 5.138300000000000267e+01 6.118999999999999773e+00 1.554700000000000060e+01
3.155099999999999838e+01 5.201500000000000057e+01 6.105999999999999872e+00 1.594800000000000040e+01
3.179100000000000037e+01 5.261299999999999955e+01 6.094999999999999751e+00 1.633800000000000097e+01
3.200900000000000034e+01 5.317900000000000205e+01 6.083999999999999631e+00 1.671999999999999886e+01
3.220600000000000307e+01 5.371699999999999875e+01 6.073999999999999844e+00 1.709299999999999997e+01
3.238300000000000267e+01 5.423100000000000165e+01 6.064000000000000057e+00 1.746000000000000085e+01
3.254299999999999926e+01 5.471999999999999886e+01 6.056000000000000050e+00 1.782000000000000028e+01
3.268699999999999761e+01 5.518800000000000239e+01 6.048000000000000043e+00 1.817399999999999949e+01
3.281600000000000250e+01 5.563499999999999801e+01 6.041000000000000369e+00 1.852100000000000080e+01
3.293099999999999739e+01 5.606499999999999773e+01 6.033999999999999808e+00 1.886499999999999844e+01
3.303399999999999892e+01 5.647999999999999687e+01 6.027000000000000135e+00 1.920499999999999829e+01
3.312599999999999767e+01 5.687800000000000011e+01 6.019999999999999574e+00 1.953999999999999915e+01
3.321399999999999864e+01 5.726100000000000279e+01 6.006999999999999673e+00 1.987099999999999866e+01
