1.340000000000000080e-01 1.310000000000000053e-01 7.059999999999999609e-01 9.400000000000000022e-02
1.340000000000000080e-01 2.620000000000000107e-01 7.940000000000000391e-01 1.630000000000000060e-01
1.340000000000000080e-01 3.930000000000000160e-01 8.790000000000000036e-01 2.320000000000000118e-01
1.340000000000000080e-01 5.250000000000000222e-01 9.639999999999999680e-01 3.019999999999999907e-01
1.340000000000000080e-01 6.560000000000000275e-01 1.048000000000000043e+00 3.719999999999999973e-01
1.859999999999999987e-01 7.870000000000000329e-01 1.078000000000000069e+00 4.450000000000000067e-01
2.500000000000000000e-01 9.360000000000000542e-01 1.112000000000000099e+00 5.190000000000000169e-01
3.220000000000000084e-01 1.173999999999999932e+00 1.227000000000000091e+00 5.959999999999999742e-01
4.050000000000000266e-01 1.545999999999999819e+00 1.457000000000000073e+00 6.770000000000000462e-01
5.070000000000000062e-01 2.088999999999999968e+00 1.810000000000000053e+00 8.179999999999999494e-01
6.969999999999999529e-01 2.852999999999999758e+00 2.226999999999999869e+00 1.163000000000000034e+00
1.046999999999999931e+00 3.892999999999999794e+00 2.617999999999999883e+00 1.677999999999999936e+00
1.542999999999999927e+00 5.316000000000000725e+00 3.095000000000000195e+00 2.326000000000000068e+00
2.217999999999999972e+00 7.286999999999999922e+00 3.834000000000000075e+00 3.049999999999999822e+00
3.112000000000000099e+00 1.015600000000000058e+01 5.043000000000000149e+00 3.859999999999999876e+00
4.801999999999999602e+00 1.381000000000000050e+01 6.116999999999999993e+00 4.767999999999999794e+00
7.158999999999999808e+00 1.775799999999999912e+01 6.785000000000000142e+00 5.698000000000000398e+00
9.910999999999999588e+00 2.178200000000000003e+01 7.181000000000000050e+00 6.583000000000000185e+00
1.269100000000000072e+01 2.544800000000000040e+01 7.267999999999999794e+00 7.397999999999999687e+00
1.513599999999999923e+01 2.849399999999999977e+01 7.173000000000000043e+00 8.112999999999999545e+00
1.721999999999999886e+01 3.107500000000000284e+01 7.046999999999999709e+00 8.756999999999999673e+00
1.900400000000000134e+01 3.331499999999999773e+01 6.931000000000000050e+00 9.355000000000000426e+00
2.058099999999999952e+01 3.526900000000000546e+01 6.778999999999999915e+00 9.916999999999999815e+00
2.200499999999999901e+01 3.700600000000000023e+01 6.584999999999999964e+00 1.045899999999999963e+01
2.329799999999999827e+01 3.855599999999999739e+01 6.365000000000000213e+00 1.098499999999999943e+01
2.442899999999999849e+01 3.995000000000000284e+01 6.267000000000000348e+00 1.150099999999999945e+01
2.542399999999999949e+01 4.121899999999999409e+01 6.237000000000000099e+00 1.201200000000000045e+01
2.631299999999999883e+01 4.238100000000000023e+01 6.206999999999999851e+00 1.251999999999999957e+01
2.710000000000000142e+01 4.344500000000000028e+01 6.184999999999999609e+00 1.302399999999999913e+01
2.780199999999999960e+01 4.442699999999999960e+01 6.166999999999999815e+00 1.352599999999999980e+01
2.842999999999999972e+01 4.533500000000000085e+01 6.150000000000000355e+00 1.402599999999999980e+01
2.899699999999999989e+01 4.618200000000000216e+01 6.134000000000000341e+00 1.452599999999999980e+01
2.950000000000000000e+01 4.697100000000000364e+01 6.120000000000000107e+00 1.502399999999999913e+01
2.993900000000000006e+01 4.771099999999999852e+01 6.105999999999999872e+00 1.552200000000000024e+01
3.031800000000000139e+01 4.840400000000000347e+01 6.092999999999999972e+00 1.601800000000000068e+01
3.064499999999999957e+01 4.905700000000000216e+01 6.081999999999999851e+00 1.651500000000000057e+01
3.093199999999999861e+01 4.967399999999999949e+01 6.065000000000000391e+00 1.701200000000000045e+01
3.119200000000000017e+01 5.025800000000000267e+01 6.033999999999999808e+00 1.750799999999999912e+01
3.142899999999999849e+01 5.081099999999999994e+01 5.988999999999999879e+00 1.800300000000000011e+01
3.164399999999999835e+01 5.133700000000000330e+01 5.931000000000000050e+00 1.849699999999999989e+01
3.183999999999999986e+01 5.184000000000000341e+01 5.860999999999999766e+00 1.899299999999999855e+01
3.201899999999999835e+01 5.231900000000000261e+01 5.780999999999999694e+00 1.948799999999999955e+01
3.218200000000000216e+01 5.277799999999999869e+01 5.690999999999999837e+00 1.998300000000000054e+01
3.233599999999999852e+01 5.321699999999999875e+01 5.591999999999999638e+00 2.047100000000000009e+01
3.248599999999999710e+01 5.363900000000000290e+01 5.482999999999999652e+00 2.095200000000000173e+01
3.263199999999999790e+01 5.404599999999999937e+01 5.366999999999999993e+00 2.142699999999999960e+01
3.277400000000000091e+01 5.443699999999999761e+01 5.243000000000000327e+00 2.189300000000000068e+01
3.291199999999999903e+01 5.481400000000000006e+01 5.112000000000000099e+00 2.235200000000000031e+01
