1.340000000000000080e-01 1.310000000000000053e-01 5.540000000000000480e-01 2.449999999999999956e-01
1.340000000000000080e-01 2.620000000000000107e-01 4.729999999999999760e-01 4.819999999999999840e-01
1.340000000000000080e-01 3.930000000000000160e-01 3.900000000000000133e-01 7.189999999999999725e-01
1.340000000000000080e-01 5.250000000000000222e-01 3.059999999999999942e-01 9.599999999999999645e-01
1.340000000000000080e-01 6.560000000000000275e-01 2.159999999999999976e-01 1.203999999999999959e+00
1.340000000000000080e-01 7.870000000000000329e-01 1.729999999999999871e-01 1.449000000000000066e+00
1.340000000000000080e-01 9.270000000000000462e-01 1.980000000000000093e-01 1.695000000000000062e+00
1.340000000000000080e-01 1.114999999999999991e+00 2.670000000000000151e-01 1.941000000000000059e+00
1.340000000000000080e-01 1.377999999999999892e+00 4.020000000000000240e-01 2.189999999999999947e+00
1.340000000000000080e-01 1.737999999999999989e+00 6.209999999999999964e-01 2.443000000000000060e+00
1.340000000000000080e-01 2.225000000000000089e+00 9.120000000000000329e-01 2.777000000000000135e+00
1.690000000000000113e-01 2.870000000000000107e+00 1.250999999999999890e+00 3.279999999999999805e+00
3.039999999999999925e-01 3.729000000000000092e+00 1.542000000000000037e+00 3.966000000000000192e+00
5.370000000000000329e-01 4.887999999999999901e+00 1.891000000000000014e+00 4.743999999999999773e+00
8.850000000000000089e-01 6.528999999999999915e+00 2.532000000000000028e+00 5.586000000000000298e+00
1.300999999999999934e+00 8.608000000000000540e+00 3.419999999999999929e+00 6.501000000000000334e+00
1.719000000000000083e+00 1.088199999999999967e+01 4.397000000000000242e+00 7.434000000000000163e+00
2.185999999999999943e+00 1.323600000000000065e+01 5.397000000000000242e+00 8.345000000000000639e+00
2.850000000000000089e+00 1.542699999999999960e+01 6.075999999999999623e+00 9.211999999999999744e+00
3.637000000000000011e+00 1.729700000000000060e+01 6.357000000000000206e+00 1.003899999999999970e+01
4.519000000000000128e+00 1.892200000000000060e+01 6.448999999999999844e+00 1.081799999999999962e+01
5.482999999999999652e+00 2.037000000000000099e+01 6.376999999999999780e+00 1.156000000000000050e+01
6.317000000000000171e+00 2.166600000000000037e+01 6.328999999999999737e+00 1.227399999999999913e+01
7.044999999999999929e+00 2.284199999999999875e+01 6.282000000000000028e+00 1.297600000000000087e+01
7.668999999999999595e+00 2.391300000000000026e+01 6.243000000000000327e+00 1.366699999999999982e+01
8.198999999999999844e+00 2.489400000000000190e+01 6.214999999999999858e+00 1.434999999999999964e+01
8.650999999999999801e+00 2.579800000000000182e+01 6.192999999999999616e+00 1.502899999999999991e+01
9.035000000000000142e+00 2.663799999999999812e+01 6.174000000000000377e+00 1.570700000000000074e+01
9.361000000000000654e+00 2.741699999999999804e+01 6.155000000000000249e+00 1.638100000000000023e+01
9.624000000000000554e+00 2.814299999999999713e+01 6.139000000000000234e+00 1.705300000000000082e+01
9.826000000000000512e+00 2.882199999999999918e+01 6.123999999999999666e+00 1.772299999999999898e+01
9.974000000000000199e+00 2.946199999999999974e+01 6.110999999999999766e+00 1.839399999999999835e+01
1.007600000000000051e+01 3.006299999999999883e+01 6.094999999999999751e+00 1.906200000000000117e+01
1.015300000000000047e+01 3.063299999999999912e+01 6.062999999999999723e+00 1.973100000000000165e+01
1.021199999999999974e+01 3.117099999999999937e+01 6.011000000000000121e+00 2.039699999999999847e+01
1.025500000000000078e+01 3.168200000000000216e+01 5.940000000000000391e+00 2.106500000000000128e+01
1.028500000000000014e+01 3.217000000000000171e+01 5.852000000000000313e+00 2.173300000000000054e+01
1.030199999999999960e+01 3.263499999999999801e+01 5.748999999999999666e+00 2.239900000000000091e+01
1.030799999999999983e+01 3.307900000000000063e+01 5.631999999999999673e+00 2.306599999999999895e+01
1.030799999999999983e+01 3.350399999999999778e+01 5.501000000000000334e+00 2.372700000000000031e+01
1.030799999999999983e+01 3.391299999999999670e+01 5.355999999999999872e+00 2.438200000000000145e+01
1.030799999999999983e+01 3.430599999999999739e+01 5.200000000000000178e+00 2.502799999999999869e+01
1.030799999999999983e+01 3.468299999999999983e+01 5.033000000000000362e+00 2.566700000000000159e+01
1.030799999999999983e+01 3.504699999999999704e+01 4.857000000000000206e+00 2.629700000000000060e+01
1.030799999999999983e+01 3.539900000000000091e+01 4.671000000000000263e+00 2.692099999999999937e+01
1.030799999999999983e+01 3.574099999999999966e+01 4.477000000000000313e+00 2.753999999999999915e+01
1.030799999999999983e+01 3.607000000000000028e+01 4.275999999999999801e+00 2.815099999999999980e+01
1.030799999999999983e+01 3.639000000000000057e+01 4.067000000000000171e+00 2.875700000000000145e+01
