1.340000000000000080e-01 1.310000000000000053e-01 5.540000000000000480e-01 2.449999999999999956e-01
1.340000000000000080e-01 2.620000000000000107e-01 4.729999999999999760e-01 4.819999999999999840e-01
1.340000000000000080e-01 3.930000000000000160e-01 3.900000000000000133e-01 7.189999999999999725e-01
1.340000000000000080e-01 5.250000000000000222e-01 3.059999999999999942e-01 9.599999999999999645e-01
1.340000000000000080e-01 6.560000000000000275e-01 2.159999999999999976e-01 1.203999999999999959e+00
1.340000000000000080e-01 7.870000000000000329e-01 1.729999999999999871e-01 1.449000000000000066e+00
1.340000000000000080e-01 9.430000000000000604e-01 2.119999999999999940e-01 1.695000000000000062e+00
1.340000000000000080e-01 1.211999999999999966e+00 3.559999999999999831e-01 1.943000000000000060e+00
1.340000000000000080e-01 1.653999999999999915e+00 6.460000000000000187e-01 2.197999999999999954e+00
1.429999999999999882e-01 2.311999999999999833e+00 1.072999999999999954e+00 2.560000000000000053e+00
2.800000000000000266e-01 3.250000000000000000e+00 1.518999999999999906e+00 3.169999999999999929e+00
5.320000000000000284e-01 4.538000000000000256e+00 2.004000000000000004e+00 3.927999999999999936e+00
9.130000000000000338e-01 6.315000000000000391e+00 2.701999999999999957e+00 4.809999999999999609e+00
1.334999999999999964e+00 8.786999999999999034e+00 3.891000000000000014e+00 5.759000000000000341e+00
2.366000000000000103e+00 1.239200000000000124e+01 5.431000000000000050e+00 6.810999999999999943e+00
4.498000000000000220e+00 1.697100000000000009e+01 6.708999999999999631e+00 7.988000000000000433e+00
7.727000000000000313e+00 2.189000000000000057e+01 7.219999999999999751e+00 9.173999999999999488e+00
1.132699999999999996e+01 2.687300000000000111e+01 7.490999999999999659e+00 1.029899999999999949e+01
1.482000000000000028e+01 3.137400000000000233e+01 7.479000000000000092e+00 1.134299999999999997e+01
1.777499999999999858e+01 3.507300000000000040e+01 7.320999999999999730e+00 1.226399999999999935e+01
2.024200000000000088e+01 3.817899999999999494e+01 7.150999999999999801e+00 1.309299999999999997e+01
2.228900000000000148e+01 4.085100000000000620e+01 7.017000000000000348e+00 1.387299999999999933e+01
2.398999999999999844e+01 4.316400000000000148e+01 6.916999999999999815e+00 1.461200000000000010e+01
2.548100000000000165e+01 4.520200000000000529e+01 6.785999999999999588e+00 1.532900000000000063e+01
2.680099999999999838e+01 4.700700000000000500e+01 6.604000000000000092e+00 1.603099999999999881e+01
2.798100000000000165e+01 4.861799999999999500e+01 6.394000000000000128e+00 1.671999999999999886e+01
2.900400000000000134e+01 5.007199999999999562e+01 6.280000000000000249e+00 1.740399999999999991e+01
2.987699999999999889e+01 5.139500000000000313e+01 6.251999999999999780e+00 1.808399999999999963e+01
3.063899999999999935e+01 5.260000000000000142e+01 6.224000000000000199e+00 1.876000000000000156e+01
3.129799999999999827e+01 5.370600000000000307e+01 6.203000000000000291e+00 1.943299999999999983e+01
3.186799999999999855e+01 5.472599999999999909e+01 6.184999999999999609e+00 2.010399999999999920e+01
3.236299999999999955e+01 5.567300000000000182e+01 6.169999999999999929e+00 2.077599999999999980e+01
3.279200000000000159e+01 5.655199999999999960e+01 6.153999999999999915e+00 2.144500000000000028e+01
3.315899999999999892e+01 5.737299999999999756e+01 6.139000000000000234e+00 2.211400000000000077e+01
3.345799999999999841e+01 5.814000000000000057e+01 6.126000000000000334e+00 2.278099999999999881e+01
3.369700000000000273e+01 5.886100000000000421e+01 6.113999999999999879e+00 2.344800000000000040e+01
3.388300000000000267e+01 5.954100000000000392e+01 6.102000000000000313e+00 2.411700000000000088e+01
3.402300000000000324e+01 6.018100000000000449e+01 6.088000000000000078e+00 2.478399999999999892e+01
3.413400000000000034e+01 6.078699999999999903e+01 6.059000000000000163e+00 2.544999999999999929e+01
3.422099999999999653e+01 6.136100000000000421e+01 6.016000000000000014e+00 2.611499999999999844e+01
3.428600000000000136e+01 6.190899999999999892e+01 5.959999999999999964e+00 2.678200000000000003e+01
3.432999999999999829e+01 6.242999999999999972e+01 5.892000000000000348e+00 2.744800000000000040e+01
3.435600000000000165e+01 6.292600000000000193e+01 5.814000000000000057e+00 2.811400000000000077e+01
3.436399999999999721e+01 6.340100000000000335e+01 5.725999999999999979e+00 2.877799999999999869e+01
3.436500000000000199e+01 6.385600000000000165e+01 5.625000000000000000e+00 2.944099999999999895e+01
3.436500000000000199e+01 6.429399999999999693e+01 5.508000000000000007e+00 3.009700000000000131e+01
3.436500000000000199e+01 6.471399999999999864e+01 5.378999999999999559e+00 3.074500000000000099e+01
3.436500000000000199e+01 6.511800000000000921e+01 5.237000000000000099e+00 3.138500000000000156e+01
