1.130000000000000032e-01 1.310000000000000053e-01 6.049999999999999822e-01 2.149999999999999967e-01
1.130000000000000032e-01 2.620000000000000107e-01 5.789999999999999591e-01 3.960000000000000187e-01
1.130000000000000032e-01 3.930000000000000160e-01 5.510000000000000453e-01 5.779999999999999583e-01
1.130000000000000032e-01 5.250000000000000222e-01 5.220000000000000195e-01 7.610000000000000098e-01
1.130000000000000032e-01 6.560000000000000275e-01 4.929999999999999938e-01 9.449999999999999512e-01
1.130000000000000032e-01 7.870000000000000329e-01 4.600000000000000200e-01 1.131000000000000005e+00
1.130000000000000032e-01 9.430000000000000604e-01 4.500000000000000111e-01 1.318999999999999950e+00
1.130000000000000032e-01 1.211999999999999966e+00 5.540000000000000480e-01 1.508999999999999897e+00
1.130000000000000032e-01 1.653999999999999915e+00 8.199999999999999512e-01 1.705999999999999961e+00
1.130000000000000032e-01 2.311999999999999833e+00 1.237999999999999989e+00 1.967000000000000082e+00
1.189999999999999947e-01 3.250000000000000000e+00 1.743999999999999995e+00 2.406000000000000139e+00
1.960000000000000075e-01 4.540000000000000036e+00 2.403999999999999915e+00 2.982000000000000206e+00
3.990000000000000213e-01 6.317000000000000171e+00 3.295999999999999819e+00 3.682999999999999829e+00
6.410000000000000142e-01 8.788999999999999702e+00 4.764999999999999680e+00 4.450000000000000178e+00
1.655999999999999917e+00 1.239600000000000080e+01 6.471000000000000085e+00 5.325000000000000178e+00
4.524000000000000021e+00 1.697599999999999909e+01 7.200999999999999623e+00 6.325000000000000178e+00
8.086999999999999744e+00 2.189499999999999957e+01 7.562999999999999723e+00 7.338000000000000078e+00
1.203299999999999947e+01 2.687800000000000011e+01 7.668999999999999595e+00 8.291000000000000369e+00
1.579800000000000004e+01 3.137800000000000011e+01 7.557000000000000384e+00 9.160000000000000142e+00
1.894200000000000017e+01 3.507499999999999574e+01 7.386000000000000121e+00 9.906000000000000583e+00
2.157999999999999829e+01 3.817999999999999972e+01 7.221000000000000085e+00 1.055599999999999916e+01
2.381599999999999895e+01 4.085100000000000620e+01 7.075000000000000178e+00 1.115600000000000058e+01
2.569300000000000139e+01 4.316300000000000381e+01 6.971000000000000085e+00 1.171599999999999930e+01
2.730799999999999983e+01 4.520000000000000284e+01 6.879999999999999893e+00 1.225300000000000011e+01
2.870100000000000051e+01 4.700499999999999545e+01 6.798000000000000043e+00 1.277299999999999969e+01
2.990899999999999892e+01 4.861499999999999488e+01 6.716000000000000192e+00 1.328200000000000003e+01
3.097899999999999920e+01 5.006899999999999551e+01 6.625000000000000000e+00 1.378400000000000070e+01
3.194999999999999929e+01 5.139200000000000301e+01 6.509000000000000341e+00 1.428299999999999947e+01
3.283599999999999852e+01 5.259600000000000364e+01 6.376999999999999780e+00 1.477699999999999925e+01
3.362599999999999767e+01 5.370300000000000296e+01 6.235999999999999766e+00 1.526999999999999957e+01
3.420199999999999818e+01 5.472200000000000131e+01 6.211000000000000298e+00 1.575900000000000034e+01
3.470300000000000296e+01 5.566900000000000404e+01 6.190999999999999837e+00 1.624899999999999878e+01
3.513300000000000267e+01 5.654800000000000182e+01 6.174999999999999822e+00 1.673799999999999955e+01
3.550300000000000011e+01 5.736899999999999977e+01 6.160999999999999588e+00 1.722500000000000142e+01
3.582000000000000028e+01 5.813600000000000279e+01 6.149000000000000021e+00 1.771000000000000085e+01
3.610000000000000142e+01 5.885699999999999932e+01 6.136000000000000121e+00 1.818599999999999994e+01
3.634799999999999898e+01 5.953600000000000136e+01 6.123999999999999666e+00 1.865299999999999869e+01
3.656700000000000017e+01 6.017699999999999960e+01 6.110999999999999766e+00 1.910900000000000176e+01
3.675999999999999801e+01 6.078300000000000125e+01 6.099999999999999645e+00 1.955600000000000094e+01
3.692900000000000205e+01 6.135699999999999932e+01 6.089000000000000412e+00 1.999299999999999855e+01
3.707699999999999818e+01 6.190500000000000114e+01 6.078999999999999737e+00 2.042399999999999949e+01
3.720600000000000307e+01 6.242499999999999716e+01 6.070000000000000284e+00 2.084700000000000131e+01
3.731700000000000017e+01 6.292199999999999704e+01 6.060999999999999943e+00 2.126399999999999935e+01
3.740999999999999659e+01 6.339600000000000080e+01 6.054000000000000270e+00 2.167399999999999949e+01
3.748899999999999721e+01 6.385099999999999909e+01 6.046000000000000263e+00 2.207900000000000063e+01
3.755400000000000205e+01 6.428900000000000148e+01 6.040000000000000036e+00 2.248000000000000043e+01
3.760600000000000165e+01 6.470900000000000318e+01 6.033000000000000362e+00 2.287600000000000122e+01
3.764900000000000091e+01 6.511299999999999955e+01 6.025000000000000355e+00 2.326800000000000068e+01
