1.130000000000000032e-01 1.310000000000000053e-01 6.560000000000000275e-01 1.650000000000000078e-01
1.130000000000000032e-01 2.620000000000000107e-01 6.870000000000000551e-01 2.889999999999999791e-01
1.130000000000000032e-01 3.930000000000000160e-01 7.149999999999999689e-01 4.149999999999999800e-01
1.130000000000000032e-01 5.250000000000000222e-01 7.429999999999999938e-01 5.410000000000000364e-01
1.130000000000000032e-01 6.560000000000000275e-01 7.700000000000000178e-01 6.670000000000000373e-01
1.130000000000000032e-01 7.870000000000000329e-01 7.950000000000000400e-01 7.960000000000000409e-01
1.130000000000000032e-01 9.690000000000000835e-01 8.689999999999999947e-01 9.270000000000000462e-01
1.130000000000000032e-01 1.373999999999999888e+00 1.161999999999999922e+00 1.064000000000000057e+00
1.130000000000000032e-01 2.108000000000000096e+00 1.739000000000000101e+00 1.241999999999999993e+00
1.340000000000000080e-01 3.270000000000000018e+00 2.573999999999999844e+00 1.556000000000000050e+00
3.970000000000000195e-01 5.009999999999999787e+00 3.641999999999999904e+00 1.989999999999999991e+00
9.110000000000000320e-01 7.538000000000000256e+00 5.041999999999999815e+00 2.608999999999999986e+00
2.357000000000000206e+00 1.126900000000000013e+01 6.575000000000000178e+00 3.349000000000000199e+00
6.096000000000000085e+00 1.688499999999999801e+01 7.533999999999999808e+00 4.272000000000000242e+00
1.148099999999999987e+01 2.376999999999999957e+01 7.959999999999999964e+00 5.371999999999999886e+00
1.771799999999999997e+01 3.097700000000000031e+01 7.915000000000000036e+00 6.408999999999999808e+00
2.409400000000000119e+01 3.810799999999999699e+01 7.775999999999999801e+00 7.325999999999999623e+00
3.020400000000000063e+01 4.501699999999999591e+01 7.769000000000000128e+00 8.154999999999999361e+00
3.576800000000000068e+01 5.112299999999999756e+01 7.600999999999999979e+00 8.893000000000000682e+00
4.028000000000000114e+01 5.609299999999999642e+01 7.475999999999999979e+00 9.494999999999999218e+00
4.407399999999999807e+01 6.022200000000000131e+01 7.344999999999999751e+00 9.980999999999999872e+00
4.730400000000000205e+01 6.373900000000000432e+01 7.222000000000000419e+00 1.041099999999999959e+01
5.006199999999999761e+01 6.675600000000000023e+01 7.113000000000000433e+00 1.080100000000000016e+01
5.246000000000000085e+01 6.939000000000000057e+01 7.009000000000000341e+00 1.116399999999999970e+01
5.454999999999999716e+01 7.170099999999999341e+01 6.918000000000000149e+00 1.150799999999999912e+01
5.637800000000000011e+01 7.374599999999999511e+01 6.838000000000000078e+00 1.183900000000000041e+01
5.799399999999999977e+01 7.557599999999999341e+01 6.758000000000000007e+00 1.216200000000000081e+01
5.943099999999999739e+01 7.722299999999999898e+01 6.676000000000000156e+00 1.248099999999999987e+01
6.073400000000000176e+01 7.871099999999999852e+01 6.573999999999999844e+00 1.279499999999999993e+01
6.193399999999999750e+01 8.006499999999999773e+01 6.453000000000000291e+00 1.310599999999999987e+01
6.304399999999999693e+01 8.130100000000000193e+01 6.314000000000000057e+00 1.341600000000000037e+01
6.398700000000000188e+01 8.244299999999999784e+01 6.227999999999999758e+00 1.372400000000000020e+01
6.477100000000000080e+01 8.349600000000000932e+01 6.211000000000000298e+00 1.403200000000000003e+01
6.548000000000000398e+01 8.447399999999998954e+01 6.195999999999999730e+00 1.433799999999999919e+01
6.612000000000000455e+01 8.538400000000000034e+01 6.182000000000000384e+00 1.464400000000000013e+01
6.670099999999999341e+01 8.623599999999999000e+01 6.168999999999999595e+00 1.494899999999999984e+01
6.723399999999999466e+01 8.703499999999999659e+01 6.153999999999999915e+00 1.525300000000000011e+01
6.772700000000000387e+01 8.778600000000000136e+01 6.137999999999999901e+00 1.554899999999999949e+01
6.818600000000000705e+01 8.849399999999999977e+01 6.123000000000000220e+00 1.583600000000000030e+01
6.861299999999999955e+01 8.916299999999999670e+01 6.108999999999999986e+00 1.611199999999999832e+01
6.901500000000000057e+01 8.979900000000000659e+01 6.094999999999999751e+00 1.638100000000000023e+01
6.939100000000000534e+01 9.040000000000000568e+01 6.083000000000000185e+00 1.664099999999999824e+01
6.974399999999999977e+01 9.097299999999999898e+01 6.072000000000000064e+00 1.689300000000000068e+01
7.007500000000000284e+01 9.151800000000000068e+01 6.062999999999999723e+00 1.713800000000000168e+01
7.038800000000000523e+01 9.203900000000000148e+01 6.054000000000000270e+00 1.737699999999999889e+01
7.068399999999999750e+01 9.253900000000000148e+01 6.046000000000000263e+00 1.761100000000000065e+01
7.096200000000000330e+01 9.301600000000000534e+01 6.038000000000000256e+00 1.783899999999999864e+01
7.122599999999999909e+01 9.347500000000000853e+01 6.030999999999999694e+00 1.806200000000000117e+01
