1.130000000000000032e-01 1.310000000000000053e-01 6.049999999999999822e-01 2.149999999999999967e-01
1.130000000000000032e-01 2.620000000000000107e-01 5.789999999999999591e-01 3.960000000000000187e-01
1.130000000000000032e-01 3.930000000000000160e-01 5.510000000000000453e-01 5.779999999999999583e-01
1.130000000000000032e-01 5.250000000000000222e-01 5.220000000000000195e-01 7.610000000000000098e-01
1.130000000000000032e-01 6.560000000000000275e-01 4.929999999999999938e-01 9.449999999999999512e-01
1.130000000000000032e-01 7.870000000000000329e-01 4.600000000000000200e-01 1.131000000000000005e+00
1.130000000000000032e-01 9.450000000000000622e-01 4.530000000000000138e-01 1.318999999999999950e+00
1.130000000000000032e-01 1.232999999999999874e+00 5.739999999999999547e-01 1.510000000000000009e+00
1.130000000000000032e-01 1.723999999999999977e+00 8.870000000000000107e-01 1.709000000000000075e+00
1.130000000000000032e-01 2.490000000000000213e+00 1.391999999999999904e+00 1.989000000000000101e+00
1.429999999999999882e-01 3.649000000000000021e+00 2.153999999999999915e+00 2.366000000000000103e+00
3.109999999999999987e-01 5.395999999999999908e+00 3.222999999999999865e+00 2.902000000000000135e+00
5.590000000000000524e-01 8.012999999999999901e+00 4.910999999999999588e+00 3.583000000000000185e+00
1.316999999999999948e+00 1.115799999999999947e+01 6.530000000000000249e+00 4.347000000000000419e+00
3.297000000000000153e+00 1.453800000000000026e+01 7.189000000000000057e+00 5.105999999999999872e+00
5.767999999999999794e+00 1.797899999999999920e+01 7.467999999999999972e+00 5.815000000000000391e+00
8.483999999999999986e+00 2.138500000000000156e+01 7.519000000000000128e+00 6.472999999999999865e+00
1.128500000000000014e+01 2.472100000000000009e+01 7.456999999999999851e+00 7.091000000000000192e+00
1.385899999999999999e+01 2.775100000000000122e+01 7.360999999999999766e+00 7.666000000000000369e+00
1.607900000000000063e+01 3.032000000000000028e+01 7.208000000000000185e+00 8.191000000000000725e+00
1.797400000000000020e+01 3.252899999999999636e+01 7.065000000000000391e+00 8.672000000000000597e+00
1.962300000000000111e+01 3.446900000000000119e+01 6.942999999999999616e+00 9.115000000000000213e+00
2.105499999999999972e+01 3.618100000000000449e+01 6.841000000000000192e+00 9.528999999999999915e+00
2.231599999999999895e+01 3.771500000000000341e+01 6.743000000000000327e+00 9.926999999999999602e+00
2.344300000000000139e+01 3.909699999999999420e+01 6.637999999999999901e+00 1.031300000000000061e+01
2.447500000000000142e+01 4.034999999999999432e+01 6.511999999999999567e+00 1.069200000000000017e+01
2.543199999999999861e+01 4.149699999999999989e+01 6.371000000000000441e+00 1.106700000000000017e+01
2.627100000000000080e+01 4.255400000000000205e+01 6.246000000000000441e+00 1.143900000000000006e+01
2.691600000000000037e+01 4.352600000000000335e+01 6.225999999999999979e+00 1.180700000000000038e+01
2.748900000000000077e+01 4.442699999999999960e+01 6.208999999999999631e+00 1.217399999999999949e+01
2.799899999999999878e+01 4.526400000000000290e+01 6.192999999999999616e+00 1.253899999999999970e+01
2.845299999999999940e+01 4.604700000000000415e+01 6.179000000000000270e+00 1.290399999999999991e+01
2.885900000000000176e+01 4.677900000000000347e+01 6.165000000000000036e+00 1.326699999999999946e+01
2.923400000000000176e+01 4.746800000000000352e+01 6.147000000000000242e+00 1.361999999999999922e+01
2.957700000000000173e+01 4.811500000000000199e+01 6.129999999999999893e+00 1.396199999999999974e+01
2.989300000000000068e+01 4.872599999999999909e+01 6.115000000000000213e+00 1.429499999999999993e+01
3.018400000000000105e+01 4.930600000000000449e+01 6.100999999999999979e+00 1.461899999999999977e+01
3.045299999999999940e+01 4.985600000000000165e+01 6.088000000000000078e+00 1.493399999999999928e+01
3.070100000000000051e+01 5.037800000000000011e+01 6.076999999999999957e+00 1.524200000000000088e+01
3.092999999999999972e+01 5.087600000000000477e+01 6.067000000000000171e+00 1.554199999999999982e+01
3.114300000000000068e+01 5.135300000000000153e+01 6.057999999999999829e+00 1.583699999999999974e+01
3.133999999999999986e+01 5.180899999999999750e+01 6.049999999999999822e+00 1.612500000000000000e+01
3.152299999999999969e+01 5.224499999999999744e+01 6.041999999999999815e+00 1.640899999999999892e+01
3.169200000000000017e+01 5.266400000000000148e+01 6.035000000000000142e+00 1.668700000000000117e+01
3.185000000000000142e+01 5.306799999999999784e+01 6.028999999999999915e+00 1.696099999999999852e+01
3.199599999999999866e+01 5.345799999999999841e+01 6.022999999999999687e+00 1.723199999999999932e+01
3.213199999999999790e+01 5.383299999999999841e+01 6.017000000000000348e+00 1.749800000000000111e+01
3.225900000000000034e+01 5.419500000000000028e+01 6.011999999999999567e+00 1.776099999999999923e+01
