1.130000000000000032e-01 1.310000000000000053e-01 6.560000000000000275e-01 1.650000000000000078e-01
1.130000000000000032e-01 2.620000000000000107e-01 6.870000000000000551e-01 2.889999999999999791e-01
1.130000000000000032e-01 3.930000000000000160e-01 7.149999999999999689e-01 4.149999999999999800e-01
1.130000000000000032e-01 5.250000000000000222e-01 7.429999999999999938e-01 5.410000000000000364e-01
1.130000000000000032e-01 6.560000000000000275e-01 7.700000000000000178e-01 6.670000000000000373e-01
1.130000000000000032e-01 7.870000000000000329e-01 7.950000000000000400e-01 7.960000000000000409e-01
1.130000000000000032e-01 9.530000000000000693e-01 8.529999999999999805e-01 9.270000000000000462e-01
1.130000000000000032e-01 1.283999999999999808e+00 1.074999999999999956e+00 1.062000000000000055e+00
1.130000000000000032e-01 1.887000000000000011e+00 1.544999999999999929e+00 1.215000000000000080e+00
1.170000000000000068e-01 2.891999999999999904e+00 2.237000000000000099e+00 1.538999999999999924e+00
2.829999999999999738e-01 4.564000000000000057e+00 3.250000000000000000e+00 2.043000000000000149e+00
7.930000000000000382e-01 7.107999999999999652e+00 4.552999999999999936e+00 2.786999999999999922e+00
1.622999999999999998e+00 1.013599999999999923e+01 5.910000000000000142e+00 3.624000000000000110e+00
3.250999999999999890e+00 1.335400000000000098e+01 6.708000000000000185e+00 4.437000000000000277e+00
5.349000000000000199e+00 1.663799999999999812e+01 7.147999999999999687e+00 5.198999999999999844e+00
7.727000000000000313e+00 1.988800000000000168e+01 7.326999999999999957e+00 5.910000000000000142e+00
1.021899999999999942e+01 2.305499999999999972e+01 7.355999999999999872e+00 6.575000000000000178e+00
1.270800000000000018e+01 2.612600000000000122e+01 7.328000000000000291e+00 7.206999999999999851e+00
1.500099999999999945e+01 2.891499999999999915e+01 7.240999999999999659e+00 7.812000000000000277e+00
1.696399999999999864e+01 3.129899999999999949e+01 7.107000000000000206e+00 8.387999999999999901e+00
1.864199999999999946e+01 3.336099999999999710e+01 6.977000000000000313e+00 8.923999999999999488e+00
2.009400000000000119e+01 3.518200000000000216e+01 6.865999999999999659e+00 9.426999999999999602e+00
2.135200000000000031e+01 3.679600000000000648e+01 6.769000000000000128e+00 9.903000000000000469e+00
2.246199999999999974e+01 3.824900000000000233e+01 6.674000000000000377e+00 1.036500000000000021e+01
2.346900000000000119e+01 3.956300000000000239e+01 6.559999999999999609e+00 1.081700000000000017e+01
2.439199999999999946e+01 4.075799999999999557e+01 6.426000000000000156e+00 1.126200000000000045e+01
2.524599999999999866e+01 4.185499999999999687e+01 6.270999999999999908e+00 1.170199999999999996e+01
2.589300000000000068e+01 4.286700000000000443e+01 6.219000000000000306e+00 1.214100000000000001e+01
2.643900000000000006e+01 4.380100000000000193e+01 6.195000000000000284e+00 1.257600000000000051e+01
2.691400000000000148e+01 4.466799999999999926e+01 6.176999999999999602e+00 1.300999999999999979e+01
2.732799999999999940e+01 4.547500000000000142e+01 6.160999999999999588e+00 1.344100000000000072e+01
2.769000000000000128e+01 4.623100000000000165e+01 6.147999999999999687e+00 1.387299999999999933e+01
2.801200000000000045e+01 4.693900000000000006e+01 6.134000000000000341e+00 1.429499999999999993e+01
2.830300000000000082e+01 4.760600000000000165e+01 6.121000000000000441e+00 1.470599999999999952e+01
2.856500000000000128e+01 4.823400000000000176e+01 6.107999999999999652e+00 1.510599999999999987e+01
2.880300000000000082e+01 4.882800000000000296e+01 6.096000000000000085e+00 1.549699999999999989e+01
2.901699999999999946e+01 4.939200000000000301e+01 6.084999999999999964e+00 1.588000000000000078e+01
2.921000000000000085e+01 4.992699999999999960e+01 6.075000000000000178e+00 1.625400000000000134e+01
2.938400000000000034e+01 5.043700000000000472e+01 6.065000000000000391e+00 1.662099999999999866e+01
2.954100000000000037e+01 5.092200000000000415e+01 6.056000000000000050e+00 1.698100000000000165e+01
2.968199999999999861e+01 5.138900000000000290e+01 6.048000000000000043e+00 1.733599999999999852e+01
2.980799999999999983e+01 5.183400000000000318e+01 6.041000000000000369e+00 1.768400000000000105e+01
2.992000000000000171e+01 5.226100000000000279e+01 6.033999999999999808e+00 1.802799999999999869e+01
3.001999999999999957e+01 5.267200000000000415e+01 6.027999999999999581e+00 1.836700000000000088e+01
3.010999999999999943e+01 5.306700000000000017e+01 6.019999999999999574e+00 1.870200000000000173e+01
3.019500000000000028e+01 5.344999999999999574e+01 6.008000000000000007e+00 1.903399999999999892e+01
3.027499999999999858e+01 5.381799999999999784e+01 5.990999999999999659e+00 1.936100000000000065e+01
3.035000000000000142e+01 5.417399999999999949e+01 5.969999999999999751e+00 1.968599999999999994e+01
