1.340000000000000080e-01 1.310000000000000053e-01 5.540000000000000480e-01 2.449999999999999956e-01
1.340000000000000080e-01 2.620000000000000107e-01 4.729999999999999760e-01 4.819999999999999840e-01
1.340000000000000080e-01 3.930000000000000160e-01 3.900000000000000133e-01 7.189999999999999725e-01
1.340000000000000080e-01 5.250000000000000222e-01 3.059999999999999942e-01 9.599999999999999645e-01
1.340000000000000080e-01 6.560000000000000275e-01 2.159999999999999976e-01 1.203999999999999959e+00
1.340000000000000080e-01 7.870000000000000329e-01 1.729999999999999871e-01 1.449000000000000066e+00
1.340000000000000080e-01 9.320000000000000506e-01 2.030000000000000138e-01 1.695000000000000062e+00
1.340000000000000080e-01 1.149000000000000021e+00 2.989999999999999880e-01 1.941999999999999948e+00
1.340000000000000080e-01 1.479999999999999982e+00 4.939999999999999947e-01 2.193000000000000060e+00
1.340000000000000080e-01 1.960999999999999854e+00 8.030000000000000471e-01 2.476999999999999869e+00
1.620000000000000051e-01 2.641000000000000014e+00 1.201000000000000068e+00 2.926000000000000156e+00
3.150000000000000022e-01 3.586999999999999744e+00 1.594999999999999973e+00 3.576000000000000068e+00
5.779999999999999583e-01 4.929999999999999716e+00 2.077999999999999847e+00 4.373000000000000220e+00
9.739999999999999769e-01 6.876000000000000334e+00 2.907000000000000028e+00 5.266000000000000014e+00
1.391000000000000014e+00 9.290000000000000924e+00 4.003999999999999559e+00 6.232999999999999652e+00
1.870000000000000107e+00 1.190399999999999991e+01 5.184999999999999609e+00 7.206999999999999851e+00
2.656000000000000139e+00 1.458100000000000129e+01 6.145999999999999908e+00 8.144999999999999574e+00
3.751999999999999780e+00 1.726099999999999923e+01 6.839000000000000412e+00 9.044000000000000483e+00
5.174000000000000377e+00 1.972300000000000253e+01 7.038000000000000256e+00 9.901999999999999247e+00
6.549999999999999822e+00 2.182400000000000162e+01 6.964000000000000412e+00 1.072499999999999964e+01
7.810999999999999943e+00 2.364499999999999957e+01 6.777999999999999581e+00 1.150200000000000067e+01
8.945000000000000284e+00 2.525799999999999912e+01 6.554999999999999716e+00 1.224200000000000088e+01
9.951999999999999957e+00 2.669399999999999906e+01 6.338000000000000078e+00 1.295599999999999952e+01
1.079800000000000004e+01 2.799399999999999977e+01 6.298000000000000043e+00 1.365799999999999947e+01
1.153100000000000058e+01 2.917299999999999827e+01 6.259999999999999787e+00 1.434800000000000075e+01
1.216099999999999959e+01 3.024899999999999878e+01 6.227000000000000313e+00 1.502999999999999936e+01
1.270100000000000051e+01 3.124000000000000199e+01 6.203999999999999737e+00 1.570899999999999963e+01
1.316200000000000081e+01 3.215599999999999881e+01 6.184999999999999609e+00 1.638700000000000045e+01
1.355700000000000038e+01 3.300300000000000011e+01 6.166999999999999815e+00 1.706099999999999994e+01
1.389300000000000068e+01 3.379100000000000392e+01 6.150000000000000355e+00 1.773300000000000054e+01
1.416300000000000026e+01 3.452600000000000335e+01 6.134999999999999787e+00 1.840200000000000102e+01
1.437500000000000000e+01 3.521699999999999875e+01 6.121000000000000441e+00 1.907300000000000040e+01
1.453100000000000058e+01 3.586500000000000199e+01 6.107999999999999652e+00 1.974200000000000088e+01
1.464000000000000057e+01 3.647700000000000387e+01 6.094999999999999751e+00 2.041000000000000014e+01
1.471799999999999997e+01 3.705400000000000205e+01 6.070999999999999730e+00 2.107700000000000173e+01
1.477699999999999925e+01 3.760099999999999909e+01 6.027999999999999581e+00 2.174399999999999977e+01
1.482000000000000028e+01 3.812199999999999989e+01 5.966000000000000192e+00 2.241199999999999903e+01
1.484999999999999964e+01 3.861700000000000443e+01 5.886999999999999567e+00 2.307900000000000063e+01
1.486700000000000088e+01 3.908899999999999864e+01 5.791000000000000369e+00 2.374500000000000099e+01
1.487299999999999933e+01 3.953999999999999915e+01 5.682000000000000384e+00 2.441000000000000014e+01
1.487299999999999933e+01 3.997399999999999665e+01 5.557000000000000384e+00 2.507400000000000162e+01
1.487299999999999933e+01 4.038900000000000290e+01 5.419999999999999929e+00 2.572800000000000153e+01
1.487299999999999933e+01 4.078800000000000381e+01 5.269999999999999574e+00 2.637500000000000000e+01
1.487299999999999933e+01 4.117200000000000415e+01 5.108999999999999986e+00 2.701300000000000168e+01
1.487299999999999933e+01 4.154200000000000159e+01 4.939000000000000057e+00 2.764399999999999835e+01
1.487299999999999933e+01 4.190099999999999625e+01 4.759000000000000341e+00 2.826999999999999957e+01
1.487299999999999933e+01 4.224699999999999989e+01 4.570000000000000284e+00 2.888800000000000168e+01
1.487299999999999933e+01 4.258200000000000074e+01 4.373999999999999666e+00 2.950000000000000000e+01
