1.340000000000000080e-01 1.310000000000000053e-01 5.540000000000000480e-01 2.449999999999999956e-01
1.340000000000000080e-01 2.620000000000000107e-01 4.729999999999999760e-01 4.819999999999999840e-01
1.340000000000000080e-01 3.930000000000000160e-01 3.900000000000000133e-01 7.189999999999999725e-01
1.340000000000000080e-01 5.250000000000000222e-01 3.059999999999999942e-01 9.599999999999999645e-01
1.340000000000000080e-01 6.560000000000000275e-01 2.159999999999999976e-01 1.203999999999999959e+00
1.340000000000000080e-01 7.870000000000000329e-01 1.729999999999999871e-01 1.449000000000000066e+00
1.340000000000000080e-01 9.380000000000000560e-01 2.079999999999999905e-01 1.695000000000000062e+00
1.340000000000000080e-01 1.183999999999999941e+00 3.300000000000000155e-01 1.941999999999999948e+00
1.340000000000000080e-01 1.574999999999999956e+00 5.769999999999999574e-01 2.194999999999999840e+00
1.350000000000000089e-01 2.149999999999999911e+00 9.509999999999999565e-01 2.520999999999999908e+00
2.179999999999999993e-01 2.961000000000000298e+00 1.379000000000000004e+00 3.064999999999999947e+00
4.279999999999999916e-01 4.068000000000000504e+00 1.784999999999999920e+00 3.774000000000000021e+00
7.459999999999999964e-01 5.583999999999999631e+00 2.339999999999999858e+00 4.613999999999999879e+00
1.161000000000000032e+00 7.682000000000000384e+00 3.265000000000000124e+00 5.525000000000000355e+00
1.770999999999999908e+00 1.072000000000000064e+01 4.724999999999999645e+00 6.524000000000000021e+00
3.181000000000000050e+00 1.457799999999999940e+01 6.089000000000000412e+00 7.621000000000000441e+00
5.411999999999999922e+00 1.874500000000000099e+01 6.913000000000000256e+00 8.739000000000000767e+00
8.230999999999999872e+00 2.299099999999999966e+01 7.277000000000000135e+00 9.810999999999999943e+00
1.106000000000000050e+01 2.685300000000000153e+01 7.328000000000000291e+00 1.081099999999999994e+01
1.349799999999999933e+01 3.005199999999999960e+01 7.216000000000000192e+00 1.170500000000000007e+01
1.554299999999999926e+01 3.275699999999999790e+01 7.080000000000000071e+00 1.252200000000000024e+01
1.725000000000000000e+01 3.510000000000000142e+01 6.966999999999999638e+00 1.329299999999999926e+01
1.872400000000000020e+01 3.714000000000000057e+01 6.834999999999999964e+00 1.402599999999999980e+01
2.003200000000000003e+01 3.894800000000000040e+01 6.658000000000000362e+00 1.473900000000000077e+01
2.119900000000000162e+01 4.055800000000000693e+01 6.447000000000000064e+00 1.543699999999999939e+01
2.221900000000000119e+01 4.200499999999999545e+01 6.293000000000000149e+00 1.612399999999999878e+01
2.308399999999999963e+01 4.331700000000000017e+01 6.261999999999999567e+00 1.680699999999999861e+01
2.383899999999999864e+01 4.451800000000000068e+01 6.230999999999999872e+00 1.748600000000000065e+01
2.449200000000000088e+01 4.561599999999999966e+01 6.206999999999999851e+00 1.816100000000000136e+01
2.505300000000000082e+01 4.662800000000000011e+01 6.189000000000000057e+00 1.883399999999999963e+01
2.553699999999999903e+01 4.756400000000000006e+01 6.174000000000000377e+00 1.950499999999999901e+01
2.595700000000000074e+01 4.843500000000000227e+01 6.157000000000000028e+00 2.017599999999999838e+01
2.631500000000000128e+01 4.924600000000000222e+01 6.142000000000000348e+00 2.084600000000000009e+01
2.660699999999999932e+01 5.000600000000000023e+01 6.128000000000000114e+00 2.151399999999999935e+01
2.683800000000000097e+01 5.071699999999999875e+01 6.115999999999999659e+00 2.218100000000000094e+01
2.701500000000000057e+01 5.138600000000000279e+01 6.104000000000000092e+00 2.284900000000000020e+01
2.714499999999999957e+01 5.201899999999999835e+01 6.091000000000000192e+00 2.351699999999999946e+01
2.724599999999999866e+01 5.261599999999999966e+01 6.064000000000000057e+00 2.418400000000000105e+01
2.732300000000000040e+01 5.318299999999999983e+01 6.022999999999999687e+00 2.485000000000000142e+01
2.737800000000000011e+01 5.371999999999999886e+01 5.967999999999999972e+00 2.551500000000000057e+01
2.741300000000000026e+01 5.423499999999999943e+01 5.902000000000000135e+00 2.618299999999999983e+01
2.743100000000000094e+01 5.472400000000000375e+01 5.823999999999999844e+00 2.684799999999999898e+01
2.743799999999999883e+01 5.519100000000000250e+01 5.730000000000000426e+00 2.751399999999999935e+01
2.743799999999999883e+01 5.563900000000000290e+01 5.621999999999999886e+00 2.817599999999999838e+01
2.743799999999999883e+01 5.606900000000000261e+01 5.498999999999999666e+00 2.883099999999999952e+01
2.743799999999999883e+01 5.648400000000000176e+01 5.363000000000000433e+00 2.947899999999999920e+01
2.743799999999999883e+01 5.688199999999999790e+01 5.216000000000000192e+00 3.011899999999999977e+01
2.743799999999999883e+01 5.726599999999999824e+01 5.057999999999999829e+00 3.075199999999999889e+01
