1.130000000000000032e-01 1.310000000000000053e-01 6.560000000000000275e-01 1.650000000000000078e-01
1.130000000000000032e-01 2.620000000000000107e-01 6.870000000000000551e-01 2.889999999999999791e-01
1.130000000000000032e-01 3.930000000000000160e-01 7.149999999999999689e-01 4.149999999999999800e-01
1.130000000000000032e-01 5.250000000000000222e-01 7.429999999999999938e-01 5.410000000000000364e-01
1.130000000000000032e-01 6.560000000000000275e-01 7.700000000000000178e-01 6.670000000000000373e-01
1.130000000000000032e-01 7.870000000000000329e-01 7.950000000000000400e-01 7.960000000000000409e-01
1.130000000000000032e-01 9.450000000000000622e-01 8.449999999999999734e-01 9.270000000000000462e-01
1.130000000000000032e-01 1.232999999999999874e+00 1.024000000000000021e+00 1.060999999999999943e+00
1.130000000000000032e-01 1.723999999999999977e+00 1.393999999999999906e+00 1.203000000000000069e+00
1.130000000000000032e-01 2.490999999999999659e+00 1.945000000000000062e+00 1.457999999999999963e+00
1.400000000000000133e-01 3.649000000000000021e+00 2.592000000000000082e+00 1.993000000000000105e+00
4.380000000000000004e-01 5.397000000000000242e+00 3.346999999999999975e+00 2.710999999999999854e+00
9.789999999999999813e-01 8.012999999999999901e+00 4.549999999999999822e+00 3.584000000000000075e+00
1.937999999999999945e+00 1.115799999999999947e+01 5.791999999999999815e+00 4.527999999999999581e+00
3.641999999999999904e+00 1.453899999999999970e+01 6.551000000000000156e+00 5.469000000000000306e+00
5.775000000000000355e+00 1.797899999999999920e+01 6.985000000000000320e+00 6.360000000000000320e+00
8.150999999999999801e+00 2.138500000000000156e+01 7.195000000000000284e+00 7.200999999999999623e+00
1.064000000000000057e+01 2.472100000000000009e+01 7.261000000000000121e+00 8.003000000000000114e+00
1.298399999999999999e+01 2.775100000000000122e+01 7.211999999999999744e+00 8.759999999999999787e+00
1.498300000000000054e+01 3.032100000000000151e+01 7.088000000000000078e+00 9.477000000000000313e+00
1.666300000000000026e+01 3.252899999999999636e+01 6.967999999999999972e+00 1.014899999999999913e+01
1.810099999999999909e+01 3.446999999999999886e+01 6.860999999999999766e+00 1.078200000000000003e+01
1.932799999999999940e+01 3.618100000000000449e+01 6.767999999999999794e+00 1.138599999999999923e+01
2.038899999999999935e+01 3.771600000000000108e+01 6.677999999999999936e+00 1.197600000000000087e+01
2.132100000000000151e+01 3.909699999999999420e+01 6.576999999999999957e+00 1.255300000000000082e+01
2.216400000000000148e+01 4.034999999999999432e+01 6.453000000000000291e+00 1.312299999999999933e+01
2.293199999999999861e+01 4.149799999999999756e+01 6.309999999999999609e+00 1.368900000000000006e+01
2.357400000000000162e+01 4.255400000000000205e+01 6.190000000000000391e+00 1.425200000000000067e+01
2.402700000000000102e+01 4.352600000000000335e+01 6.171999999999999709e+00 1.481199999999999939e+01
2.441000000000000014e+01 4.442699999999999960e+01 6.155999999999999694e+00 1.536999999999999922e+01
2.473000000000000043e+01 4.526400000000000290e+01 6.139999999999999680e+00 1.592600000000000016e+01
2.499599999999999866e+01 4.604700000000000415e+01 6.123999999999999666e+00 1.648300000000000054e+01
2.521900000000000119e+01 4.677900000000000347e+01 6.108999999999999986e+00 1.703099999999999881e+01
2.540800000000000125e+01 4.746800000000000352e+01 6.092999999999999972e+00 1.756800000000000139e+01
2.556800000000000139e+01 4.811500000000000199e+01 6.076999999999999957e+00 1.809299999999999997e+01
2.570799999999999841e+01 4.872599999999999909e+01 6.054000000000000270e+00 1.860900000000000176e+01
2.583999999999999986e+01 4.930600000000000449e+01 6.017000000000000348e+00 1.911700000000000088e+01
2.596499999999999986e+01 4.985600000000000165e+01 5.966000000000000192e+00 1.961499999999999844e+01
2.608299999999999841e+01 5.037900000000000489e+01 5.902999999999999581e+00 2.010600000000000165e+01
2.619500000000000028e+01 5.087600000000000477e+01 5.828999999999999737e+00 2.058800000000000097e+01
2.630099999999999838e+01 5.135399999999999920e+01 5.745000000000000107e+00 2.106599999999999895e+01
2.640200000000000102e+01 5.180899999999999750e+01 5.652000000000000135e+00 2.153800000000000026e+01
2.649899999999999878e+01 5.224600000000000222e+01 5.549999999999999822e+00 2.200400000000000134e+01
2.658999999999999986e+01 5.266400000000000148e+01 5.440999999999999837e+00 2.246499999999999986e+01
2.667800000000000082e+01 5.306799999999999784e+01 5.325000000000000178e+00 2.292200000000000060e+01
2.676200000000000045e+01 5.345799999999999841e+01 5.201999999999999957e+00 2.337600000000000122e+01
2.684100000000000108e+01 5.383299999999999841e+01 5.073000000000000398e+00 2.382600000000000051e+01
2.691799999999999926e+01 5.419500000000000028e+01 4.939000000000000057e+00 2.427199999999999847e+01
