1.130000000000000032e-01 1.310000000000000053e-01 6.560000000000000275e-01 1.650000000000000078e-01
1.130000000000000032e-01 2.620000000000000107e-01 6.870000000000000551e-01 2.889999999999999791e-01
1.130000000000000032e-01 3.930000000000000160e-01 7.149999999999999689e-01 4.149999999999999800e-01
1.130000000000000032e-01 5.250000000000000222e-01 7.429999999999999938e-01 5.410000000000000364e-01
1.130000000000000032e-01 6.560000000000000275e-01 7.700000000000000178e-01 6.670000000000000373e-01
1.130000000000000032e-01 7.870000000000000329e-01 7.950000000000000400e-01 7.960000000000000409e-01
1.130000000000000032e-01 9.760000000000000897e-01 8.760000000000000009e-01 9.270000000000000462e-01
1.130000000000000032e-01 1.423000000000000043e+00 1.209000000000000075e+00 1.064999999999999947e+00
1.130000000000000032e-01 2.280000000000000249e+00 1.887000000000000011e+00 1.268999999999999906e+00
1.680000000000000104e-01 3.734999999999999876e+00 2.767999999999999794e+00 1.826000000000000068e+00
6.450000000000000178e-01 6.153000000000000469e+00 3.956999999999999851e+00 2.599000000000000199e+00
1.866999999999999993e+00 9.778999999999999915e+00 5.344000000000000306e+00 3.608000000000000096e+00
4.099000000000000199e+00 1.407399999999999984e+01 6.339000000000000412e+00 4.700000000000000178e+00
7.027999999999999581e+00 1.862299999999999756e+01 6.935999999999999943e+00 5.740000000000000213e+00
1.034900000000000020e+01 2.324599999999999866e+01 7.275000000000000355e+00 6.721000000000000085e+00
1.384200000000000053e+01 2.780300000000000082e+01 7.434000000000000163e+00 7.644000000000000128e+00
1.736700000000000088e+01 3.222299999999999898e+01 7.477000000000000313e+00 8.518000000000000682e+00
2.084400000000000119e+01 3.649399999999999977e+01 7.455000000000000071e+00 9.353999999999999204e+00
2.401699999999999946e+01 4.033500000000000085e+01 7.354000000000000092e+00 1.014400000000000013e+01
2.670400000000000063e+01 4.356400000000000006e+01 7.187000000000000277e+00 1.087700000000000067e+01
2.894300000000000139e+01 4.631700000000000017e+01 7.040000000000000036e+00 1.155899999999999928e+01
3.082300000000000040e+01 4.871400000000000574e+01 6.935999999999999943e+00 1.220100000000000051e+01
3.242799999999999727e+01 5.081000000000000227e+01 6.849999999999999645e+00 1.281099999999999994e+01
3.381099999999999994e+01 5.267400000000000659e+01 6.770999999999999908e+00 1.340399999999999991e+01
3.500200000000000244e+01 5.433599999999999852e+01 6.689000000000000057e+00 1.398399999999999999e+01
3.603999999999999915e+01 5.582999999999999829e+01 6.600999999999999979e+00 1.455499999999999972e+01
3.697399999999999665e+01 5.718599999999999994e+01 6.488000000000000433e+00 1.512100000000000044e+01
3.782300000000000040e+01 5.842699999999999960e+01 6.355000000000000426e+00 1.568500000000000050e+01
3.859199999999999875e+01 5.956200000000000472e+01 6.197000000000000064e+00 1.624500000000000099e+01
3.912500000000000000e+01 6.060900000000000176e+01 6.174999999999999822e+00 1.680399999999999849e+01
3.957399999999999807e+01 6.157700000000000529e+01 6.160000000000000142e+00 1.735999999999999943e+01
3.995799999999999841e+01 6.248000000000000398e+01 6.144999999999999574e+00 1.791700000000000159e+01
4.028000000000000114e+01 6.332100000000000506e+01 6.128999999999999559e+00 1.847200000000000131e+01
4.055100000000000193e+01 6.410899999999999466e+01 6.115000000000000213e+00 1.902400000000000091e+01
4.078499999999999659e+01 6.484600000000000364e+01 6.099999999999999645e+00 1.956500000000000128e+01
4.098599999999999710e+01 6.554099999999999682e+01 6.083999999999999631e+00 2.009600000000000009e+01
4.116100000000000136e+01 6.619799999999999329e+01 6.065999999999999837e+00 2.061799999999999855e+01
4.132399999999999807e+01 6.681799999999999784e+01 6.035000000000000142e+00 2.112999999999999901e+01
4.147699999999999676e+01 6.740599999999999170e+01 5.988999999999999879e+00 2.163299999999999912e+01
4.162199999999999989e+01 6.796500000000000341e+01 5.931000000000000050e+00 2.212699999999999889e+01
4.175999999999999801e+01 6.849899999999999523e+01 5.860999999999999766e+00 2.261499999999999844e+01
4.189000000000000057e+01 6.900600000000000023e+01 5.780999999999999694e+00 2.309600000000000009e+01
4.201400000000000290e+01 6.949199999999999022e+01 5.690999999999999837e+00 2.357199999999999918e+01
4.213100000000000023e+01 6.995600000000000307e+01 5.592999999999999972e+00 2.403999999999999915e+01
4.224300000000000210e+01 7.040200000000000102e+01 5.487000000000000099e+00 2.450499999999999901e+01
4.235000000000000142e+01 7.083200000000000784e+01 5.373999999999999666e+00 2.496600000000000108e+01
4.245199999999999818e+01 7.124500000000000455e+01 5.253000000000000114e+00 2.542200000000000060e+01
4.254999999999999716e+01 7.164200000000001012e+01 5.126999999999999780e+00 2.587399999999999878e+01
