1.340000000000000080e-01 1.310000000000000053e-01 7.059999999999999609e-01 9.400000000000000022e-02
1.340000000000000080e-01 2.620000000000000107e-01 7.940000000000000391e-01 1.630000000000000060e-01
1.340000000000000080e-01 3.930000000000000160e-01 8.790000000000000036e-01 2.320000000000000118e-01
1.340000000000000080e-01 5.250000000000000222e-01 9.639999999999999680e-01 3.019999999999999907e-01
1.340000000000000080e-01 6.560000000000000275e-01 1.048000000000000043e+00 3.719999999999999973e-01
1.859999999999999987e-01 7.870000000000000329e-01 1.078000000000000069e+00 4.450000000000000067e-01
2.500000000000000000e-01 9.270000000000000462e-01 1.104000000000000092e+00 5.190000000000000169e-01
3.170000000000000040e-01 1.114999999999999991e+00 1.173000000000000043e+00 5.949999999999999734e-01
3.910000000000000142e-01 1.377999999999999892e+00 1.308000000000000052e+00 6.720000000000000417e-01
4.739999999999999769e-01 1.737999999999999989e+00 1.526999999999999913e+00 7.550000000000000044e-01
5.709999999999999520e-01 2.225000000000000089e+00 1.818000000000000060e+00 9.170000000000000373e-01
7.209999999999999742e-01 2.870000000000000107e+00 2.144000000000000128e+00 1.199000000000000066e+00
1.000000000000000000e+00 3.729000000000000092e+00 2.509999999999999787e+00 1.592999999999999972e+00
1.411999999999999922e+00 4.889000000000000234e+00 2.967000000000000082e+00 2.075000000000000178e+00
1.991000000000000103e+00 6.531000000000000583e+00 3.676000000000000156e+00 2.621999999999999886e+00
2.697000000000000064e+00 8.609999999999999432e+00 4.573999999999999844e+00 3.241000000000000103e+00
3.440999999999999837e+00 1.088400000000000034e+01 5.517999999999999794e+00 3.880999999999999783e+00
4.416000000000000369e+00 1.323800000000000132e+01 6.293999999999999595e+00 4.501000000000000334e+00
5.674000000000000377e+00 1.542800000000000082e+01 6.668999999999999595e+00 5.075999999999999623e+00
7.056000000000000050e+00 1.729800000000000182e+01 6.647000000000000242e+00 5.607999999999999652e+00
8.454000000000000625e+00 1.892300000000000182e+01 6.514000000000000234e+00 6.094999999999999751e+00
9.753000000000000114e+00 2.037099999999999866e+01 6.400999999999999801e+00 6.543999999999999595e+00
1.088299999999999912e+01 2.166699999999999804e+01 6.346000000000000085e+00 6.964999999999999858e+00
1.189799999999999969e+01 2.284299999999999997e+01 6.304999999999999716e+00 7.371999999999999886e+00
1.281400000000000006e+01 2.391400000000000148e+01 6.267999999999999794e+00 7.767999999999999794e+00
1.363899999999999935e+01 2.489400000000000190e+01 6.238000000000000433e+00 8.156000000000000583e+00
1.439199999999999946e+01 2.579899999999999949e+01 6.208000000000000185e+00 8.541000000000000369e+00
1.507699999999999996e+01 2.663799999999999812e+01 6.184000000000000163e+00 8.923000000000000043e+00
1.569800000000000040e+01 2.741599999999999682e+01 6.166000000000000369e+00 9.301999999999999602e+00
1.625499999999999901e+01 2.814299999999999713e+01 6.150000000000000355e+00 9.679000000000000270e+00
1.675000000000000000e+01 2.882199999999999918e+01 6.136000000000000121e+00 1.005400000000000027e+01
1.719099999999999895e+01 2.946099999999999852e+01 6.125000000000000000e+00 1.042900000000000027e+01
1.758200000000000074e+01 3.006299999999999883e+01 6.115999999999999659e+00 1.080300000000000082e+01
1.793100000000000094e+01 3.063200000000000145e+01 6.107000000000000206e+00 1.117600000000000016e+01
1.823999999999999844e+01 3.117000000000000171e+01 6.099999999999999645e+00 1.154800000000000004e+01
1.851399999999999935e+01 3.168200000000000216e+01 6.092999999999999972e+00 1.191999999999999993e+01
1.875700000000000145e+01 3.216899999999999693e+01 6.086000000000000298e+00 1.229199999999999982e+01
1.897100000000000009e+01 3.263400000000000034e+01 6.080000000000000071e+00 1.266300000000000026e+01
1.915800000000000125e+01 3.307800000000000296e+01 6.075000000000000178e+00 1.303500000000000014e+01
1.932199999999999918e+01 3.350300000000000011e+01 6.070000000000000284e+00 1.340399999999999991e+01
1.947400000000000020e+01 3.391199999999999903e+01 6.062999999999999723e+00 1.376699999999999946e+01
1.961299999999999955e+01 3.430499999999999972e+01 6.056000000000000050e+00 1.412199999999999989e+01
1.974299999999999855e+01 3.468200000000000216e+01 6.046999999999999709e+00 1.446899999999999942e+01
1.986700000000000088e+01 3.504599999999999937e+01 6.033000000000000362e+00 1.480899999999999928e+01
1.998799999999999955e+01 3.539799999999999613e+01 6.014999999999999680e+00 1.514199999999999946e+01
2.010500000000000043e+01 3.574000000000000199e+01 5.993000000000000327e+00 1.546899999999999942e+01
2.021799999999999997e+01 3.606900000000000261e+01 5.966000000000000192e+00 1.578999999999999915e+01
2.032900000000000063e+01 3.638900000000000290e+01 5.934999999999999609e+00 1.610500000000000043e+01
