1.340000000000000080e-01 1.310000000000000053e-01 5.540000000000000480e-01 2.449999999999999956e-01
1.340000000000000080e-01 2.620000000000000107e-01 4.729999999999999760e-01 4.819999999999999840e-01
1.340000000000000080e-01 3.930000000000000160e-01 3.900000000000000133e-01 7.189999999999999725e-01
1.340000000000000080e-01 5.250000000000000222e-01 3.059999999999999942e-01 9.599999999999999645e-01
1.340000000000000080e-01 6.560000000000000275e-01 2.159999999999999976e-01 1.203999999999999959e+00
1.340000000000000080e-01 7.870000000000000329e-01 1.729999999999999871e-01 1.449000000000000066e+00
1.340000000000000080e-01 9.530000000000000693e-01 2.220000000000000029e-01 1.695000000000000062e+00
1.340000000000000080e-01 1.283999999999999808e+00 4.209999999999999853e-01 1.945000000000000062e+00
1.340000000000000080e-01 1.887000000000000011e+00 8.439999999999999725e-01 2.220000000000000195e+00
2.280000000000000082e-01 2.891000000000000014e+00 1.447000000000000064e+00 2.736000000000000210e+00
5.220000000000000195e-01 4.562000000000000277e+00 2.277000000000000135e+00 3.479000000000000092e+00
9.609999999999999654e-01 7.105999999999999872e+00 3.494000000000000217e+00 4.463000000000000078e+00
1.606999999999999984e+00 1.013300000000000090e+01 4.828999999999999737e+00 5.533000000000000362e+00
2.620000000000000107e+00 1.335100000000000087e+01 6.001000000000000334e+00 6.576999999999999957e+00
4.105000000000000426e+00 1.663499999999999801e+01 6.809999999999999609e+00 7.572000000000000064e+00
6.102000000000000313e+00 1.988500000000000156e+01 7.131999999999999673e+00 8.516999999999999460e+00
8.292999999999999261e+00 2.305199999999999960e+01 7.229000000000000092e+00 9.416999999999999815e+00
1.051099999999999923e+01 2.612400000000000233e+01 7.237000000000000099e+00 1.028700000000000081e+01
1.255100000000000016e+01 2.891400000000000148e+01 7.168000000000000149e+00 1.112899999999999956e+01
1.426500000000000057e+01 3.129899999999999949e+01 7.049999999999999822e+00 1.194200000000000017e+01
1.573900000000000077e+01 3.336200000000000188e+01 6.895999999999999908e+00 1.271299999999999919e+01
1.704400000000000048e+01 3.518299999999999983e+01 6.706999999999999851e+00 1.345100000000000051e+01
1.820499999999999829e+01 3.679700000000000415e+01 6.490000000000000213e+00 1.416300000000000026e+01
1.923400000000000176e+01 3.825100000000000477e+01 6.310999999999999943e+00 1.486299999999999955e+01
2.009799999999999898e+01 3.956399999999999295e+01 6.277000000000000135e+00 1.555199999999999960e+01
2.085000000000000142e+01 4.076000000000000512e+01 6.243999999999999773e+00 1.623400000000000176e+01
2.150100000000000122e+01 4.185699999999999932e+01 6.216000000000000192e+00 1.691300000000000026e+01
2.206099999999999994e+01 4.286899999999999977e+01 6.195000000000000284e+00 1.758999999999999986e+01
2.254100000000000037e+01 4.380300000000000438e+01 6.179000000000000270e+00 1.826399999999999935e+01
2.295799999999999841e+01 4.467000000000000171e+01 6.161999999999999922e+00 1.893499999999999872e+01
2.331299999999999883e+01 4.547700000000000387e+01 6.145999999999999908e+00 1.960500000000000043e+01
2.360300000000000153e+01 4.623400000000000176e+01 6.131000000000000227e+00 2.027599999999999980e+01
2.383099999999999952e+01 4.694200000000000017e+01 6.118000000000000327e+00 2.094399999999999906e+01
2.400499999999999901e+01 4.760900000000000176e+01 6.105999999999999872e+00 2.161199999999999832e+01
2.413200000000000145e+01 4.823700000000000188e+01 6.092999999999999972e+00 2.227899999999999991e+01
2.422800000000000153e+01 4.883100000000000307e+01 6.067000000000000171e+00 2.294600000000000151e+01
2.430099999999999838e+01 4.939500000000000313e+01 6.027000000000000135e+00 2.361400000000000077e+01
2.435200000000000031e+01 4.992999999999999972e+01 5.972999999999999865e+00 2.428099999999999881e+01
2.438400000000000034e+01 5.044000000000000483e+01 5.907000000000000028e+00 2.494699999999999918e+01
2.440200000000000102e+01 5.092500000000000426e+01 5.825999999999999623e+00 2.561199999999999832e+01
2.440899999999999892e+01 5.139200000000000301e+01 5.729000000000000092e+00 2.627899999999999991e+01
2.440899999999999892e+01 5.183700000000000330e+01 5.618000000000000327e+00 2.694200000000000017e+01
2.440899999999999892e+01 5.226400000000000290e+01 5.491999999999999993e+00 2.759700000000000131e+01
2.440899999999999892e+01 5.267500000000000426e+01 5.354000000000000092e+00 2.824399999999999977e+01
2.440899999999999892e+01 5.307000000000000028e+01 5.203999999999999737e+00 2.888400000000000034e+01
2.440899999999999892e+01 5.345299999999999585e+01 5.043999999999999595e+00 2.951800000000000068e+01
2.440899999999999892e+01 5.382099999999999795e+01 4.873999999999999666e+00 3.014300000000000068e+01
2.440899999999999892e+01 5.417799999999999727e+01 4.695000000000000284e+00 3.076300000000000168e+01
