1.340000000000000080e-01 1.310000000000000053e-01 5.540000000000000480e-01 2.449999999999999956e-01
1.340000000000000080e-01 2.620000000000000107e-01 4.729999999999999760e-01 4.819999999999999840e-01
1.340000000000000080e-01 3.930000000000000160e-01 3.900000000000000133e-01 7.189999999999999725e-01
1.340000000000000080e-01 5.250000000000000222e-01 3.059999999999999942e-01 9.599999999999999645e-01
1.340000000000000080e-01 6.560000000000000275e-01 2.159999999999999976e-01 1.203999999999999959e+00
1.340000000000000080e-01 7.870000000000000329e-01 1.729999999999999871e-01 1.449000000000000066e+00
1.340000000000000080e-01 9.760000000000000897e-01 2.429999999999999938e-01 1.695000000000000062e+00
1.340000000000000080e-01 1.423000000000000043e+00 5.440000000000000391e-01 1.947999999999999954e+00
1.509999999999999953e-01 2.280000000000000249e+00 1.151999999999999913e+00 2.290999999999999925e+00
3.750000000000000000e-01 3.734999999999999876e+00 1.919000000000000039e+00 2.966000000000000192e+00
8.149999999999999467e-01 6.153000000000000469e+00 3.149000000000000021e+00 3.862000000000000099e+00
1.826000000000000068e+00 9.778999999999999915e+00 4.663000000000000256e+00 4.985999999999999766e+00
3.512000000000000011e+00 1.407399999999999984e+01 6.081000000000000405e+00 6.192999999999999616e+00
6.121000000000000441e+00 1.862399999999999878e+01 6.871000000000000441e+00 7.346000000000000085e+00
9.255000000000000782e+00 2.324699999999999989e+01 7.275999999999999801e+00 8.441000000000000725e+00
1.262899999999999956e+01 2.780300000000000082e+01 7.440000000000000391e+00 9.477999999999999758e+00
1.603900000000000148e+01 3.222399999999999665e+01 7.482999999999999652e+00 1.046499999999999986e+01
1.940299999999999869e+01 3.649399999999999977e+01 7.461000000000000298e+00 1.141499999999999915e+01
2.246300000000000097e+01 4.033500000000000085e+01 7.360999999999999766e+00 1.231900000000000084e+01
2.503600000000000136e+01 4.356400000000000006e+01 7.192999999999999616e+00 1.316499999999999915e+01
2.716100000000000136e+01 4.631700000000000017e+01 7.046000000000000263e+00 1.396000000000000085e+01
2.893499999999999872e+01 4.871400000000000574e+01 6.939000000000000057e+00 1.471599999999999930e+01
3.047400000000000020e+01 5.081099999999999994e+01 6.810999999999999943e+00 1.543800000000000061e+01
3.184299999999999997e+01 5.267400000000000659e+01 6.633000000000000007e+00 1.614499999999999957e+01
3.306600000000000250e+01 5.433599999999999852e+01 6.424000000000000377e+00 1.683899999999999864e+01
3.413199999999999790e+01 5.582999999999999829e+01 6.286999999999999922e+00 1.752299999999999969e+01
3.503999999999999915e+01 5.718599999999999994e+01 6.258000000000000007e+00 1.820299999999999940e+01
3.583700000000000330e+01 5.842600000000000193e+01 6.229000000000000092e+00 1.888100000000000023e+01
3.652499999999999858e+01 5.956200000000000472e+01 6.206999999999999851e+00 1.955499999999999972e+01
3.712199999999999989e+01 6.060900000000000176e+01 6.189000000000000057e+00 2.022800000000000153e+01
3.763799999999999812e+01 6.157700000000000529e+01 6.174000000000000377e+00 2.089799999999999969e+01
3.809000000000000341e+01 6.248000000000000398e+01 6.158000000000000362e+00 2.156899999999999906e+01
3.847899999999999920e+01 6.332000000000000028e+01 6.142999999999999794e+00 2.223799999999999955e+01
3.879999999999999716e+01 6.410800000000000409e+01 6.128999999999999559e+00 2.290599999999999881e+01
3.905899999999999750e+01 6.484499999999999886e+01 6.115999999999999659e+00 2.357300000000000040e+01
3.926299999999999812e+01 6.554099999999999682e+01 6.105000000000000426e+00 2.423999999999999844e+01
3.941899999999999693e+01 6.619700000000000273e+01 6.091000000000000192e+00 2.490800000000000125e+01
3.954500000000000171e+01 6.681799999999999784e+01 6.064000000000000057e+00 2.557499999999999929e+01
3.964500000000000313e+01 6.740599999999999170e+01 6.022999999999999687e+00 2.624099999999999966e+01
3.972200000000000131e+01 6.796399999999999864e+01 5.969000000000000306e+00 2.690599999999999881e+01
3.977799999999999869e+01 6.849799999999999045e+01 5.902000000000000135e+00 2.757300000000000040e+01
3.981499999999999773e+01 6.900600000000000023e+01 5.825000000000000178e+00 2.823900000000000077e+01
3.983400000000000318e+01 6.949099999999999966e+01 5.738000000000000433e+00 2.890500000000000114e+01
3.983899999999999864e+01 6.995600000000000307e+01 5.642000000000000348e+00 2.956800000000000139e+01
3.983899999999999864e+01 7.040200000000000102e+01 5.535000000000000142e+00 3.022500000000000142e+01
3.983899999999999864e+01 7.083200000000000784e+01 5.413000000000000256e+00 3.087500000000000000e+01
3.983899999999999864e+01 7.124399999999999977e+01 5.278999999999999915e+00 3.151699999999999946e+01
3.983899999999999864e+01 7.164200000000001012e+01 5.134000000000000341e+00 3.215200000000000102e+01
