1.340000000000000080e-01 1.310000000000000053e-01 6.540000000000000258e-01 1.459999999999999909e-01
1.340000000000000080e-01 2.620000000000000107e-01 6.850000000000000533e-01 2.710000000000000187e-01
1.340000000000000080e-01 3.930000000000000160e-01 7.129999999999999671e-01 3.980000000000000204e-01
1.340000000000000080e-01 5.250000000000000222e-01 7.409999999999999920e-01 5.250000000000000222e-01
1.340000000000000080e-01 6.560000000000000275e-01 7.680000000000000160e-01 6.520000000000000240e-01
1.340000000000000080e-01 7.870000000000000329e-01 7.930000000000000382e-01 7.820000000000000284e-01
1.340000000000000080e-01 9.430000000000000604e-01 8.399999999999999689e-01 9.130000000000000338e-01
1.340000000000000080e-01 1.211999999999999966e+00 1.000999999999999890e+00 1.046999999999999931e+00
1.340000000000000080e-01 1.653999999999999915e+00 1.324000000000000066e+00 1.187999999999999945e+00
1.429999999999999882e-01 2.311999999999999833e+00 1.808999999999999941e+00 1.435999999999999943e+00
2.800000000000000266e-01 3.250000000000000000e+00 2.343999999999999861e+00 1.931999999999999940e+00
5.769999999999999574e-01 4.538000000000000256e+00 2.902000000000000135e+00 2.571000000000000174e+00
1.145999999999999908e+00 6.315000000000000391e+00 3.528000000000000025e+00 3.338000000000000078e+00
1.838000000000000078e+00 8.786999999999999034e+00 4.560999999999999943e+00 4.173000000000000043e+00
3.273000000000000131e+00 1.239200000000000124e+01 5.810999999999999943e+00 5.110000000000000320e+00
5.907000000000000028e+00 1.697100000000000009e+01 6.701999999999999957e+00 6.171999999999999709e+00
9.250000000000000000e+00 2.189000000000000057e+01 7.213000000000000078e+00 7.243999999999999773e+00
1.296400000000000041e+01 2.687300000000000111e+01 7.483999999999999986e+00 8.255000000000000782e+00
1.657000000000000028e+01 3.137400000000000233e+01 7.471000000000000085e+00 9.185999999999999943e+00
1.964000000000000057e+01 3.507300000000000040e+01 7.312999999999999723e+00 9.993000000000000327e+00
2.222100000000000009e+01 3.817899999999999494e+01 7.142000000000000348e+00 1.071000000000000085e+01
2.438299999999999912e+01 4.085100000000000620e+01 7.006000000000000227e+00 1.137700000000000067e+01
2.619699999999999918e+01 4.316400000000000148e+01 6.905000000000000249e+00 1.200399999999999956e+01
2.780199999999999960e+01 4.520200000000000529e+01 6.772999999999999687e+00 1.260800000000000054e+01
2.923600000000000065e+01 4.700700000000000500e+01 6.591000000000000192e+00 1.319500000000000028e+01
3.053000000000000114e+01 4.861799999999999500e+01 6.381000000000000227e+00 1.377100000000000080e+01
3.166700000000000159e+01 5.007199999999999562e+01 6.266000000000000014e+00 1.433999999999999986e+01
3.265400000000000347e+01 5.139500000000000313e+01 6.238000000000000433e+00 1.490600000000000058e+01
3.353000000000000114e+01 5.260000000000000142e+01 6.211000000000000298e+00 1.546799999999999997e+01
3.430299999999999727e+01 5.370600000000000307e+01 6.189000000000000057e+00 1.602799999999999869e+01
3.498700000000000188e+01 5.472599999999999909e+01 6.171000000000000263e+00 1.658500000000000085e+01
3.559599999999999653e+01 5.567300000000000182e+01 6.157000000000000028e+00 1.714199999999999946e+01
3.613900000000000290e+01 5.655199999999999960e+01 6.141000000000000014e+00 1.769800000000000040e+01
3.661999999999999744e+01 5.737299999999999756e+01 6.126000000000000334e+00 1.825199999999999889e+01
3.703300000000000125e+01 5.814000000000000057e+01 6.113000000000000433e+00 1.880600000000000094e+01
3.738600000000000279e+01 5.886100000000000421e+01 6.099999999999999645e+00 1.935900000000000176e+01
3.768599999999999994e+01 5.954100000000000392e+01 6.089000000000000412e+00 1.991300000000000026e+01
3.793999999999999773e+01 6.018100000000000449e+01 6.073999999999999844e+00 2.046600000000000108e+01
3.816499999999999915e+01 6.078699999999999903e+01 6.044999999999999929e+00 2.101899999999999835e+01
3.836599999999999966e+01 6.136100000000000421e+01 6.001999999999999780e+00 2.157000000000000028e+01
3.854500000000000171e+01 6.190899999999999892e+01 5.945999999999999730e+00 2.212300000000000111e+01
3.870300000000000296e+01 6.242999999999999972e+01 5.878999999999999559e+00 2.267500000000000071e+01
3.884300000000000352e+01 6.292600000000000193e+01 5.799999999999999822e+00 2.322700000000000031e+01
3.896500000000000341e+01 6.340100000000000335e+01 5.711999999999999744e+00 2.377700000000000102e+01
3.907600000000000051e+01 6.385600000000000165e+01 5.615000000000000213e+00 2.432600000000000051e+01
3.918099999999999739e+01 6.429399999999999693e+01 5.506999999999999673e+00 2.486799999999999855e+01
3.928099999999999881e+01 6.471399999999999864e+01 5.392000000000000348e+00 2.540200000000000102e+01
3.937599999999999767e+01 6.511800000000000921e+01 5.269000000000000128e+00 2.592800000000000082e+01
