1.340000000000000080e-01 1.310000000000000053e-01 6.540000000000000258e-01 1.459999999999999909e-01
1.340000000000000080e-01 2.620000000000000107e-01 6.850000000000000533e-01 2.710000000000000187e-01
1.340000000000000080e-01 3.930000000000000160e-01 7.129999999999999671e-01 3.980000000000000204e-01
1.340000000000000080e-01 5.250000000000000222e-01 7.409999999999999920e-01 5.250000000000000222e-01
1.340000000000000080e-01 6.560000000000000275e-01 7.680000000000000160e-01 6.520000000000000240e-01
1.340000000000000080e-01 7.870000000000000329e-01 7.930000000000000382e-01 7.820000000000000284e-01
1.340000000000000080e-01 9.320000000000000506e-01 8.299999999999999600e-01 9.130000000000000338e-01
1.340000000000000080e-01 1.149000000000000021e+00 9.389999999999999458e-01 1.046000000000000041e+00
1.340000000000000080e-01 1.479999999999999982e+00 1.157000000000000028e+00 1.183000000000000052e+00
1.340000000000000080e-01 1.960999999999999854e+00 1.504999999999999893e+00 1.352999999999999980e+00
1.620000000000000051e-01 2.641000000000000014e+00 1.981999999999999984e+00 1.633999999999999897e+00
3.210000000000000075e-01 3.586000000000000298e+00 2.636000000000000121e+00 1.947000000000000064e+00
6.690000000000000391e-01 4.929999999999999716e+00 3.388999999999999790e+00 2.386000000000000121e+00
1.274999999999999911e+00 6.876000000000000334e+00 4.373999999999999666e+00 2.916999999999999815e+00
1.975999999999999979e+00 9.290000000000000924e+00 5.552999999999999936e+00 3.519000000000000128e+00
3.024999999999999911e+00 1.190399999999999991e+01 6.514000000000000234e+00 4.136999999999999567e+00
4.596000000000000085e+00 1.458100000000000129e+01 7.041000000000000369e+00 4.722000000000000419e+00
6.528999999999999915e+00 1.726099999999999923e+01 7.248999999999999666e+00 5.267999999999999794e+00
8.525000000000000355e+00 1.972300000000000253e+01 7.230000000000000426e+00 5.769999999999999574e+00
1.036599999999999966e+01 2.182400000000000162e+01 7.054999999999999716e+00 6.229000000000000092e+00
1.201299999999999990e+01 2.364499999999999957e+01 6.839000000000000412e+00 6.647000000000000242e+00
1.351600000000000001e+01 2.525799999999999912e+01 6.607000000000000206e+00 7.027999999999999581e+00
1.488799999999999990e+01 2.669399999999999906e+01 6.383000000000000007e+00 7.381000000000000227e+00
1.610099999999999909e+01 2.799399999999999977e+01 6.336000000000000298e+00 7.721000000000000085e+00
1.719699999999999918e+01 2.917299999999999827e+01 6.298000000000000043e+00 8.048999999999999488e+00
1.818900000000000006e+01 3.024899999999999878e+01 6.266000000000000014e+00 8.369999999999999218e+00
1.909199999999999875e+01 3.123900000000000077e+01 6.238999999999999879e+00 8.686999999999999389e+00
1.991799999999999926e+01 3.215599999999999881e+01 6.219000000000000306e+00 9.000999999999999446e+00
2.067500000000000071e+01 3.300300000000000011e+01 6.200999999999999623e+00 9.313000000000000611e+00
2.137300000000000111e+01 3.379100000000000392e+01 6.184000000000000163e+00 9.622999999999999332e+00
2.200400000000000134e+01 3.452600000000000335e+01 6.168999999999999595e+00 9.929999999999999716e+00
2.257799999999999940e+01 3.521699999999999875e+01 6.155000000000000249e+00 1.023799999999999955e+01
2.309900000000000020e+01 3.586500000000000199e+01 6.139000000000000234e+00 1.054499999999999993e+01
2.357100000000000151e+01 3.647700000000000387e+01 6.126999999999999780e+00 1.085100000000000087e+01
2.399599999999999866e+01 3.705400000000000205e+01 6.115999999999999659e+00 1.115499999999999936e+01
2.438299999999999912e+01 3.760099999999999909e+01 6.107000000000000206e+00 1.146000000000000085e+01
2.473600000000000065e+01 3.812199999999999989e+01 6.099000000000000199e+00 1.176500000000000057e+01
2.505499999999999972e+01 3.861599999999999966e+01 6.091000000000000192e+00 1.206900000000000084e+01
2.534400000000000119e+01 3.908899999999999864e+01 6.083999999999999631e+00 1.237299999999999933e+01
2.560699999999999932e+01 3.953999999999999915e+01 6.078000000000000291e+00 1.267600000000000016e+01
2.584600000000000009e+01 3.997399999999999665e+01 6.072000000000000064e+00 1.298000000000000043e+01
2.606599999999999895e+01 4.038900000000000290e+01 6.065999999999999837e+00 1.327999999999999936e+01
2.627499999999999858e+01 4.078800000000000381e+01 6.059000000000000163e+00 1.357199999999999918e+01
2.647299999999999898e+01 4.117099999999999937e+01 6.051999999999999602e+00 1.385599999999999987e+01
2.666000000000000014e+01 4.154200000000000159e+01 6.043999999999999595e+00 1.413400000000000034e+01
2.683800000000000097e+01 4.190099999999999625e+01 6.036999999999999922e+00 1.440499999999999936e+01
2.700700000000000145e+01 4.224699999999999989e+01 6.030999999999999694e+00 1.466900000000000048e+01
2.716799999999999926e+01 4.258200000000000074e+01 6.025000000000000355e+00 1.492800000000000082e+01
