1.290000000000000036e-01 1.310000000000000053e-01 8.000000000000000444e-01 1.290000000000000036e-01
1.290000000000000036e-01 2.620000000000000107e-01 9.519999999999999574e-01 1.340000000000000080e-01
1.620000000000000051e-01 3.930000000000000160e-01 1.066000000000000059e+00 1.400000000000000133e-01
2.820000000000000284e-01 5.250000000000000222e-01 1.094000000000000083e+00 1.459999999999999909e-01
4.020000000000000240e-01 6.560000000000000275e-01 1.122000000000000108e+00 1.539999999999999980e-01
5.220000000000000195e-01 7.870000000000000329e-01 1.145999999999999908e+00 1.650000000000000078e-01
6.420000000000000151e-01 9.240000000000000435e-01 1.171000000000000041e+00 1.789999999999999925e-01
7.650000000000000133e-01 1.086999999999999966e+00 1.221000000000000085e+00 1.940000000000000058e-01
8.910000000000000142e-01 1.292999999999999927e+00 1.308999999999999941e+00 2.089999999999999913e-01
1.026000000000000023e+00 1.605999999999999872e+00 1.495000000000000107e+00 2.250000000000000056e-01
1.181000000000000050e+00 2.096000000000000085e+00 1.852999999999999980e+00 2.429999999999999938e-01
1.455999999999999961e+00 2.789000000000000146e+00 2.366000000000000103e+00 3.629999999999999893e-01
1.891000000000000014e+00 3.713999999999999968e+00 2.927999999999999936e+00 7.179999999999999716e-01
2.392999999999999794e+00 4.892999999999999794e+00 3.513999999999999790e+00 1.221000000000000085e+00
2.931999999999999940e+00 6.356999999999999318e+00 4.222000000000000419e+00 1.772000000000000020e+00
3.508000000000000007e+00 8.129999999999999005e+00 5.147000000000000242e+00 2.343999999999999861e+00
4.150000000000000355e+00 1.024200000000000088e+01 6.309999999999999609e+00 2.935000000000000053e+00
5.338999999999999524e+00 1.275000000000000000e+01 7.296999999999999709e+00 3.548999999999999932e+00
7.261000000000001009e+00 1.527599999999999980e+01 7.581000000000000405e+00 4.184000000000000163e+00
9.166000000000000369e+00 1.739000000000000057e+01 7.469999999999999751e+00 4.809999999999999609e+00
1.092599999999999838e+01 1.920400000000000063e+01 7.256999999999999673e+00 5.371000000000000441e+00
1.246799999999999997e+01 2.080000000000000071e+01 7.105999999999999872e+00 5.870000000000000107e+00
1.383000000000000007e+01 2.221099999999999852e+01 6.993000000000000327e+00 6.325999999999999623e+00
1.504400000000000048e+01 2.347899999999999920e+01 6.908000000000000362e+00 6.759999999999999787e+00
1.615599999999999881e+01 2.462099999999999866e+01 6.817999999999999616e+00 7.179999999999999716e+00
1.718999999999999773e+01 2.565700000000000003e+01 6.711000000000000298e+00 7.589999999999999858e+00
1.816499999999999915e+01 2.660500000000000043e+01 6.589999999999999858e+00 7.996000000000000441e+00
1.908599999999999852e+01 2.747800000000000153e+01 6.442999999999999616e+00 8.398999999999999133e+00
1.995899999999999963e+01 2.828099999999999881e+01 6.423000000000000043e+00 8.798000000000000043e+00
2.079100000000000037e+01 2.902499999999999858e+01 6.407000000000000028e+00 9.195000000000000284e+00
2.156499999999999773e+01 2.971599999999999753e+01 6.392000000000000348e+00 9.570999999999999730e+00
2.228300000000000125e+01 3.036400000000000077e+01 6.375000000000000000e+00 9.919999999999999929e+00
2.295100000000000051e+01 3.096999999999999886e+01 6.357999999999999652e+00 1.024300000000000033e+01
2.357000000000000028e+01 3.153999999999999915e+01 6.342999999999999972e+00 1.054400000000000048e+01
2.414399999999999835e+01 3.207699999999999818e+01 6.331000000000000405e+00 1.082300000000000040e+01
2.468200000000000216e+01 3.258500000000000085e+01 6.320000000000000284e+00 1.108500000000000085e+01
2.518700000000000117e+01 3.306700000000000017e+01 6.309999999999999609e+00 1.133200000000000074e+01
2.565899999999999892e+01 3.352499999999999858e+01 6.301000000000000156e+00 1.156400000000000006e+01
2.610299999999999798e+01 3.396200000000000330e+01 6.291999999999999815e+00 1.178200000000000003e+01
2.652199999999999847e+01 3.437800000000000011e+01 6.285000000000000142e+00 1.198900000000000077e+01
2.691900000000000048e+01 3.477899999999999636e+01 6.277999999999999581e+00 1.218500000000000050e+01
2.729400000000000048e+01 3.516100000000000136e+01 6.272000000000000242e+00 1.237199999999999989e+01
2.764900000000000091e+01 3.552899999999999636e+01 6.266000000000000014e+00 1.254899999999999949e+01
2.798700000000000188e+01 3.588299999999999557e+01 6.261000000000000121e+00 1.271799999999999997e+01
2.830899999999999750e+01 3.622399999999999665e+01 6.256000000000000227e+00 1.288000000000000078e+01
2.861700000000000088e+01 3.655499999999999972e+01 6.251999999999999780e+00 1.303500000000000014e+01
2.891000000000000369e+01 3.687400000000000233e+01 6.246999999999999886e+00 1.318399999999999928e+01
2.919099999999999895e+01 3.718200000000000216e+01 6.243000000000000327e+00 1.332699999999999996e+01
2.938100000000000023e+01 3.748199999999999932e+01 6.309999999999999609e+00 1.346100000000000030e+01
2.946999999999999886e+01 3.777299999999999613e+01 6.411999999999999922e+00 1.365499999999999936e+01
2.950700000000000145e+01 3.805700000000000216e+01 6.461999999999999744e+00 1.388400000000000034e+01
2.954599999999999937e+01 3.833299999999999841e+01 6.397000000000000242e+00 1.422799999999999976e+01
2.960500000000000043e+01 3.860099999999999909e+01 6.309000000000000163e+00 1.454199999999999982e+01
2.971000000000000085e+01 3.886399999999999721e+01 6.198999999999999844e+00 1.488700000000000045e+01
2.981099999999999994e+01 3.911999999999999744e+01 6.100999999999999979e+00 1.523099999999999987e+01
2.981700000000000017e+01 3.937100000000000222e+01 6.075999999999999623e+00 1.552399999999999913e+01
2.986700000000000088e+01 3.961700000000000443e+01 6.017999999999999794e+00 1.583500000000000085e+01
2.999400000000000333e+01 3.985600000000000165e+01 5.924000000000000377e+00 1.614799999999999969e+01
3.006700000000000017e+01 4.009199999999999875e+01 5.836999999999999744e+00 1.647700000000000031e+01
3.011499999999999844e+01 4.032399999999999807e+01 5.733999999999999986e+00 1.684100000000000108e+01
