1.340000000000000080e-01 1.310000000000000053e-01 5.540000000000000480e-01 2.449999999999999956e-01
1.340000000000000080e-01 2.620000000000000107e-01 4.729999999999999760e-01 4.819999999999999840e-01
1.340000000000000080e-01 3.930000000000000160e-01 3.900000000000000133e-01 7.189999999999999725e-01
1.340000000000000080e-01 5.250000000000000222e-01 3.059999999999999942e-01 9.599999999999999645e-01
1.340000000000000080e-01 6.560000000000000275e-01 2.159999999999999976e-01 1.203999999999999959e+00
1.340000000000000080e-01 7.870000000000000329e-01 1.729999999999999871e-01 1.449000000000000066e+00
1.340000000000000080e-01 9.850000000000000977e-01 2.520000000000000018e-01 1.695000000000000062e+00
1.340000000000000080e-01 1.481999999999999984e+00 5.949999999999999734e-01 1.949999999999999956e+00
1.710000000000000131e-01 2.451999999999999957e+00 1.274000000000000021e+00 2.337000000000000188e+00
4.450000000000000067e-01 4.125000000000000000e+00 2.157000000000000028e+00 3.049999999999999822e+00
9.889999999999999902e-01 6.951999999999999957e+00 3.572000000000000064e+00 4.014000000000000234e+00
2.498000000000000220e+00 1.124300000000000033e+01 5.165000000000000036e+00 5.224999999999999645e+00
4.950999999999999623e+00 1.629599999999999937e+01 6.480000000000000426e+00 6.519999999999999574e+00
8.422000000000000597e+00 2.160099999999999909e+01 7.099999999999999645e+00 7.738000000000000433e+00
1.230000000000000071e+01 2.694699999999999918e+01 7.440999999999999837e+00 8.878999999999999559e+00
1.636199999999999832e+01 3.217499999999999716e+01 7.549000000000000377e+00 9.957000000000000739e+00
2.040500000000000114e+01 3.721399999999999864e+01 7.544999999999999929e+00 1.097899999999999920e+01
2.432300000000000040e+01 4.205399999999999494e+01 7.506999999999999673e+00 1.195899999999999963e+01
2.783399999999999963e+01 4.638199999999999790e+01 7.416999999999999815e+00 1.289000000000000057e+01
3.077599999999999980e+01 5.000099999999999767e+01 7.256000000000000227e+00 1.374900000000000055e+01
3.322599999999999909e+01 5.307099999999999795e+01 7.094999999999999751e+00 1.455199999999999960e+01
3.526400000000000290e+01 5.573199999999999932e+01 6.977000000000000313e+00 1.531300000000000061e+01
3.698499999999999943e+01 5.804899999999999949e+01 6.879999999999999893e+00 1.603999999999999915e+01
3.850500000000000256e+01 6.010100000000000620e+01 6.735999999999999766e+00 1.675000000000000000e+01
3.985699999999999932e+01 6.192300000000000182e+01 6.549000000000000377e+00 1.744500000000000028e+01
4.106799999999999784e+01 6.355500000000000682e+01 6.331000000000000405e+00 1.813100000000000023e+01
4.209899999999999665e+01 6.503000000000000114e+01 6.274000000000000021e+00 1.881200000000000117e+01
4.299699999999999989e+01 6.637300000000000466e+01 6.243999999999999773e+00 1.948999999999999844e+01
4.377799999999999869e+01 6.759799999999999898e+01 6.219000000000000306e+00 2.016499999999999915e+01
4.445600000000000307e+01 6.872400000000000375e+01 6.200000000000000178e+00 2.083800000000000097e+01
4.504399999999999693e+01 6.976300000000000523e+01 6.182999999999999829e+00 2.150799999999999912e+01
4.555899999999999750e+01 7.072899999999999920e+01 6.168000000000000149e+00 2.217899999999999849e+01
4.600600000000000023e+01 7.162700000000000955e+01 6.152000000000000135e+00 2.284799999999999898e+01
4.639099999999999824e+01 7.246699999999999875e+01 6.136999999999999567e+00 2.351599999999999824e+01
4.670700000000000074e+01 7.325199999999999534e+01 6.123999999999999666e+00 2.418299999999999983e+01
4.696300000000000097e+01 7.398999999999999488e+01 6.112000000000000099e+00 2.485099999999999909e+01
4.716499999999999915e+01 7.468699999999999761e+01 6.100999999999999979e+00 2.551899999999999835e+01
4.732399999999999807e+01 7.534399999999999409e+01 6.083999999999999631e+00 2.618499999999999872e+01
4.745400000000000063e+01 7.596699999999999875e+01 6.051999999999999602e+00 2.685200000000000031e+01
4.756000000000000227e+01 7.655599999999999739e+01 6.006000000000000227e+00 2.751699999999999946e+01
4.764200000000000301e+01 7.711899999999999977e+01 5.947000000000000064e+00 2.818400000000000105e+01
4.770400000000000063e+01 7.765399999999999636e+01 5.876999999999999780e+00 2.885000000000000142e+01
4.774600000000000222e+01 7.816500000000000625e+01 5.796000000000000263e+00 2.951599999999999824e+01
4.777000000000000313e+01 7.865300000000000580e+01 5.706000000000000405e+00 3.017999999999999972e+01
4.778099999999999881e+01 7.912099999999999511e+01 5.605999999999999872e+00 3.084299999999999997e+01
4.778600000000000136e+01 7.957100000000001216e+01 5.496999999999999886e+00 3.149899999999999878e+01
4.778699999999999903e+01 8.000300000000000011e+01 5.378999999999999559e+00 3.214699999999999847e+01
4.778699999999999903e+01 8.041900000000001114e+01 5.248000000000000220e+00 3.278699999999999903e+01
