1.340000000000000080e-01 1.310000000000000053e-01 6.039999999999999813e-01 1.960000000000000075e-01
1.340000000000000080e-01 2.620000000000000107e-01 5.769999999999999574e-01 3.780000000000000027e-01
1.340000000000000080e-01 3.930000000000000160e-01 5.490000000000000435e-01 5.610000000000000542e-01
1.340000000000000080e-01 5.250000000000000222e-01 5.200000000000000178e-01 7.449999999999999956e-01
1.340000000000000080e-01 6.560000000000000275e-01 4.909999999999999920e-01 9.290000000000000480e-01
1.340000000000000080e-01 7.870000000000000329e-01 4.580000000000000182e-01 1.116999999999999993e+00
1.340000000000000080e-01 9.850000000000000977e-01 4.909999999999999920e-01 1.304999999999999938e+00
1.340000000000000080e-01 1.481999999999999984e+00 8.149999999999999467e-01 1.502999999999999892e+00
1.710000000000000131e-01 2.451999999999999957e+00 1.516999999999999904e+00 1.820000000000000062e+00
4.480000000000000093e-01 4.125999999999999446e+00 2.545999999999999819e+00 2.363999999999999879e+00
9.589999999999999636e-01 6.955000000000000071e+00 4.179000000000000270e+00 3.149000000000000021e+00
2.556999999999999940e+00 1.124699999999999989e+01 5.858999999999999986e+00 4.181000000000000050e+00
5.551999999999999602e+00 1.630000000000000071e+01 6.806000000000000050e+00 5.301000000000000156e+00
9.228999999999999204e+00 2.160499999999999687e+01 7.392999999999999794e+00 6.346000000000000085e+00
1.336700000000000088e+01 2.695100000000000051e+01 7.645999999999999908e+00 7.315999999999999837e+00
1.769999999999999929e+01 3.217900000000000205e+01 7.658999999999999808e+00 8.218999999999999417e+00
2.196900000000000119e+01 3.721799999999999642e+01 7.605000000000000426e+00 9.066000000000000725e+00
2.607499999999999929e+01 4.205699999999999505e+01 7.554999999999999716e+00 9.869999999999999218e+00
2.976399999999999935e+01 4.638400000000000034e+01 7.461000000000000298e+00 1.062500000000000000e+01
3.285999999999999943e+01 5.000199999999999534e+01 7.322000000000000064e+00 1.130599999999999916e+01
3.548700000000000188e+01 5.307099999999999795e+01 7.160000000000000142e+00 1.192900000000000027e+01
3.771500000000000341e+01 5.573000000000000398e+01 7.030000000000000249e+00 1.251099999999999923e+01
3.962199999999999989e+01 5.804700000000000415e+01 6.915000000000000036e+00 1.305899999999999928e+01
4.132900000000000063e+01 6.009700000000000131e+01 6.761999999999999567e+00 1.358799999999999919e+01
4.286399999999999721e+01 6.191899999999999693e+01 6.572000000000000064e+00 1.410200000000000031e+01
4.425699999999999790e+01 6.354999999999999716e+01 6.350999999999999979e+00 1.460699999999999932e+01
4.546800000000000352e+01 6.502599999999999625e+01 6.304999999999999716e+00 1.510699999999999932e+01
4.654699999999999704e+01 6.636899999999999977e+01 6.277000000000000135e+00 1.560399999999999920e+01
4.750500000000000256e+01 6.759399999999999409e+01 6.253000000000000114e+00 1.609799999999999898e+01
4.836599999999999966e+01 6.871999999999999886e+01 6.230999999999999872e+00 1.658899999999999864e+01
4.914200000000000301e+01 6.975799999999999557e+01 6.208000000000000185e+00 1.707799999999999940e+01
4.984100000000000108e+01 7.072400000000000375e+01 6.189000000000000057e+00 1.756800000000000139e+01
5.046900000000000119e+01 7.162199999999999989e+01 6.174000000000000377e+00 1.805600000000000094e+01
5.103300000000000125e+01 7.246099999999999852e+01 6.160000000000000142e+00 1.854299999999999926e+01
5.152799999999999869e+01 7.324599999999999511e+01 6.149000000000000021e+00 1.902899999999999991e+01
5.196300000000000097e+01 7.398499999999999943e+01 6.139000000000000234e+00 1.951500000000000057e+01
5.234300000000000352e+01 7.468099999999999739e+01 6.129999999999999893e+00 2.000199999999999889e+01
5.267399999999999949e+01 7.533899999999999864e+01 6.121999999999999886e+00 2.048699999999999832e+01
5.296099999999999852e+01 7.596099999999999852e+01 6.115000000000000213e+00 2.097200000000000131e+01
5.320700000000000074e+01 7.654999999999999716e+01 6.107999999999999652e+00 2.145700000000000074e+01
5.341799999999999926e+01 7.711400000000000432e+01 6.102000000000000313e+00 2.194200000000000017e+01
5.359499999999999886e+01 7.764799999999999613e+01 6.096000000000000085e+00 2.242699999999999960e+01
5.374199999999999733e+01 7.815900000000000603e+01 6.091000000000000192e+00 2.291100000000000136e+01
5.385999999999999943e+01 7.864700000000000557e+01 6.086000000000000298e+00 2.339399999999999835e+01
5.395400000000000063e+01 7.911499999999999488e+01 6.081000000000000405e+00 2.387800000000000011e+01
5.403099999999999881e+01 7.956500000000001194e+01 6.075000000000000178e+00 2.435699999999999932e+01
5.409499999999999886e+01 7.999699999999999989e+01 6.067999999999999616e+00 2.482700000000000173e+01
5.414900000000000091e+01 8.041200000000000614e+01 6.057000000000000384e+00 2.528999999999999915e+01
