1.340000000000000080e-01 1.310000000000000053e-01 5.540000000000000480e-01 2.449999999999999956e-01
1.340000000000000080e-01 2.620000000000000107e-01 4.729999999999999760e-01 4.819999999999999840e-01
1.340000000000000080e-01 3.930000000000000160e-01 3.900000000000000133e-01 7.189999999999999725e-01
1.340000000000000080e-01 5.250000000000000222e-01 3.059999999999999942e-01 9.599999999999999645e-01
1.340000000000000080e-01 6.560000000000000275e-01 2.159999999999999976e-01 1.203999999999999959e+00
1.340000000000000080e-01 7.870000000000000329e-01 1.729999999999999871e-01 1.449000000000000066e+00
1.340000000000000080e-01 9.450000000000000622e-01 2.149999999999999967e-01 1.695000000000000062e+00
1.340000000000000080e-01 1.232999999999999874e+00 3.750000000000000000e-01 1.943000000000000060e+00
1.340000000000000080e-01 1.723999999999999977e+00 7.069999999999999618e-01 2.201000000000000068e+00
1.630000000000000060e-01 2.490999999999999659e+00 1.197999999999999954e+00 2.613999999999999879e+00
3.559999999999999831e-01 3.649000000000000021e+00 1.737000000000000099e+00 3.269000000000000128e+00
6.989999999999999547e-01 5.397000000000000242e+00 2.496999999999999886e+00 4.110999999999999766e+00
1.139999999999999902e+00 8.012999999999999901e+00 3.762000000000000011e+00 5.099000000000000199e+00
1.889999999999999902e+00 1.115799999999999947e+01 5.121999999999999886e+00 6.158000000000000362e+00
3.092999999999999972e+00 1.453899999999999970e+01 6.253999999999999559e+00 7.213000000000000078e+00
4.860000000000000320e+00 1.797899999999999920e+01 6.929000000000000270e+00 8.217999999999999972e+00
7.057000000000000384e+00 2.138599999999999923e+01 7.197000000000000064e+00 9.172000000000000597e+00
9.429000000000000270e+00 2.472200000000000131e+01 7.267000000000000348e+00 1.008799999999999919e+01
1.166000000000000014e+01 2.775200000000000244e+01 7.217999999999999972e+00 1.095899999999999963e+01
1.354499999999999993e+01 3.032100000000000151e+01 7.094000000000000306e+00 1.178999999999999915e+01
1.512599999999999945e+01 3.253000000000000114e+01 6.961999999999999744e+00 1.257399999999999984e+01
1.651699999999999946e+01 3.446999999999999886e+01 6.794999999999999929e+00 1.332000000000000028e+01
1.774800000000000111e+01 3.618100000000000449e+01 6.594999999999999751e+00 1.403700000000000081e+01
1.885500000000000043e+01 3.771500000000000341e+01 6.366999999999999993e+00 1.474000000000000021e+01
1.979599999999999937e+01 3.909699999999999420e+01 6.290000000000000036e+00 1.543200000000000038e+01
2.060399999999999920e+01 4.034999999999999432e+01 6.258000000000000007e+00 1.611499999999999844e+01
2.130699999999999861e+01 4.149699999999999989e+01 6.227000000000000313e+00 1.679500000000000171e+01
2.191300000000000026e+01 4.255300000000000438e+01 6.203999999999999737e+00 1.747299999999999898e+01
2.243299999999999983e+01 4.352600000000000335e+01 6.185999999999999943e+00 1.814699999999999847e+01
2.288200000000000145e+01 4.442699999999999960e+01 6.169999999999999929e+00 1.881899999999999906e+01
2.326899999999999835e+01 4.526300000000000523e+01 6.152999999999999581e+00 1.948900000000000077e+01
2.359299999999999997e+01 4.604700000000000415e+01 6.137999999999999901e+00 2.015899999999999892e+01
2.385300000000000153e+01 4.677900000000000347e+01 6.123999999999999666e+00 2.082799999999999940e+01
2.405399999999999849e+01 4.746699999999999875e+01 6.112000000000000099e+00 2.149699999999999989e+01
2.420400000000000063e+01 4.811400000000000432e+01 6.099999999999999645e+00 2.216300000000000026e+01
2.431500000000000128e+01 4.872599999999999909e+01 6.081999999999999851e+00 2.283099999999999952e+01
2.439999999999999858e+01 4.930600000000000449e+01 6.049000000000000377e+00 2.349899999999999878e+01
2.446199999999999974e+01 4.985500000000000398e+01 6.001999999999999780e+00 2.416499999999999915e+01
2.450400000000000134e+01 5.037800000000000011e+01 5.942999999999999616e+00 2.483200000000000074e+01
2.452799999999999869e+01 5.087600000000000477e+01 5.870000000000000107e+00 2.549599999999999866e+01
2.454100000000000037e+01 5.135300000000000153e+01 5.780999999999999694e+00 2.616300000000000026e+01
2.454299999999999926e+01 5.180799999999999983e+01 5.677999999999999936e+00 2.682900000000000063e+01
2.454299999999999926e+01 5.224499999999999744e+01 5.559999999999999609e+00 2.748799999999999955e+01
2.454299999999999926e+01 5.266400000000000148e+01 5.427999999999999936e+00 2.813899999999999935e+01
2.454299999999999926e+01 5.306700000000000017e+01 5.283999999999999808e+00 2.878300000000000125e+01
2.454299999999999926e+01 5.345700000000000074e+01 5.128999999999999559e+00 2.942000000000000171e+01
2.454299999999999926e+01 5.383200000000000074e+01 4.964000000000000412e+00 3.005000000000000071e+01
2.454299999999999926e+01 5.419500000000000028e+01 4.788999999999999702e+00 3.067200000000000060e+01
