0.000000000000000000e+00 1.310000000000000053e-01 8.619999999999999885e-01 5.299999999999999850e-02
0.000000000000000000e+00 2.620000000000000107e-01 9.499999999999999556e-01 1.199999999999999956e-01
0.000000000000000000e+00 3.930000000000000160e-01 1.036000000000000032e+00 1.880000000000000004e-01
0.000000000000000000e+00 5.250000000000000222e-01 1.120999999999999996e+00 2.560000000000000053e-01
0.000000000000000000e+00 6.560000000000000275e-01 1.207000000000000073e+00 3.240000000000000102e-01
5.099999999999999672e-02 7.870000000000000329e-01 1.237999999999999989e+00 3.960000000000000187e-01
1.160000000000000059e-01 9.380000000000000560e-01 1.274000000000000021e+00 4.680000000000000271e-01
1.880000000000000004e-01 1.183999999999999941e+00 1.397000000000000020e+00 5.430000000000000382e-01
2.730000000000000204e-01 1.574999999999999956e+00 1.643999999999999906e+00 6.229999999999999982e-01
3.790000000000000036e-01 2.149999999999999911e+00 2.040999999999999925e+00 7.119999999999999662e-01
5.110000000000000098e-01 2.961000000000000298e+00 2.626999999999999780e+00 8.070000000000000506e-01
8.269999999999999574e-01 4.068000000000000504e+00 3.297000000000000153e+00 9.479999999999999538e-01
1.362000000000000099e+00 5.583999999999999631e+00 4.044999999999999929e+00 1.197000000000000064e+00
2.077999999999999847e+00 7.681000000000000050e+00 5.134000000000000341e+00 1.504000000000000004e+00
3.451000000000000068e+00 1.072000000000000064e+01 6.419999999999999929e+00 1.903000000000000025e+00
6.011999999999999567e+00 1.457699999999999996e+01 7.219000000000000306e+00 2.419999999999999929e+00
9.285000000000000142e+00 1.874399999999999977e+01 7.588000000000000078e+00 2.963000000000000078e+00
1.299000000000000021e+01 2.299000000000000199e+01 7.658999999999999808e+00 3.455000000000000071e+00
1.661199999999999832e+01 2.685100000000000264e+01 7.498999999999999666e+00 3.876999999999999780e+00
1.967399999999999949e+01 3.005100000000000193e+01 7.325999999999999623e+00 4.211000000000000298e+00
2.230799999999999983e+01 3.275600000000000023e+01 7.163000000000000256e+00 4.464000000000000412e+00
2.461299999999999955e+01 3.509800000000000608e+01 7.022000000000000242e+00 4.665000000000000036e+00
2.664199999999999946e+01 3.713900000000000290e+01 6.902999999999999581e+00 4.828999999999999737e+00
2.844600000000000151e+01 3.894700000000000273e+01 6.799999999999999822e+00 4.969000000000000306e+00
3.005699999999999861e+01 4.055700000000000216e+01 6.703000000000000291e+00 5.092999999999999972e+00
3.149099999999999966e+01 4.200400000000000489e+01 6.626999999999999780e+00 5.206000000000000405e+00
3.275300000000000011e+01 4.331700000000000017e+01 6.594999999999999751e+00 5.312000000000000277e+00
3.390400000000000347e+01 4.451700000000000301e+01 6.565999999999999837e+00 5.413999999999999702e+00
3.495199999999999818e+01 4.561599999999999966e+01 6.541000000000000369e+00 5.511999999999999567e+00
3.590800000000000125e+01 4.662800000000000011e+01 6.524000000000000021e+00 5.607000000000000206e+00
3.678999999999999915e+01 4.756400000000000006e+01 6.506000000000000227e+00 5.700999999999999623e+00
3.760699999999999932e+01 4.843500000000000227e+01 6.490000000000000213e+00 5.793999999999999595e+00
3.836299999999999955e+01 4.924600000000000222e+01 6.475999999999999979e+00 5.884999999999999787e+00
3.906600000000000250e+01 5.000600000000000023e+01 6.464000000000000412e+00 5.975999999999999979e+00
3.972299999999999898e+01 5.071699999999999875e+01 6.450000000000000178e+00 6.065000000000000391e+00
4.033899999999999864e+01 5.138700000000000045e+01 6.437000000000000277e+00 6.153999999999999915e+00
4.091499999999999915e+01 5.201899999999999835e+01 6.426000000000000156e+00 6.243000000000000327e+00
4.145600000000000307e+01 5.261700000000000443e+01 6.416999999999999815e+00 6.331999999999999851e+00
4.196500000000000341e+01 5.318400000000000460e+01 6.408999999999999808e+00 6.419999999999999929e+00
4.244400000000000261e+01 5.372100000000000364e+01 6.402000000000000135e+00 6.506999999999999673e+00
4.289800000000000324e+01 5.423599999999999710e+01 6.394999999999999574e+00 6.594999999999999751e+00
4.332800000000000296e+01 5.472500000000000142e+01 6.389999999999999680e+00 6.682000000000000384e+00
4.373599999999999710e+01 5.519299999999999784e+01 6.384999999999999787e+00 6.769999999999999574e+00
4.412299999999999756e+01 5.564000000000000057e+01 6.379999999999999893e+00 6.855999999999999872e+00
4.449300000000000210e+01 5.607000000000000028e+01 6.376000000000000334e+00 6.942999999999999616e+00
4.484599999999999653e+01 5.648499999999999943e+01 6.371999999999999886e+00 7.030000000000000249e+00
4.518299999999999983e+01 5.688300000000000267e+01 6.368000000000000327e+00 7.116999999999999993e+00
4.550600000000000023e+01 5.726699999999999591e+01 6.365000000000000213e+00 7.203000000000000291e+00
