1.340000000000000080e-01 1.310000000000000053e-01 5.540000000000000480e-01 2.449999999999999956e-01
1.340000000000000080e-01 2.620000000000000107e-01 4.729999999999999760e-01 4.819999999999999840e-01
1.340000000000000080e-01 3.930000000000000160e-01 3.900000000000000133e-01 7.189999999999999725e-01
1.340000000000000080e-01 5.250000000000000222e-01 3.059999999999999942e-01 9.599999999999999645e-01
1.340000000000000080e-01 6.560000000000000275e-01 2.159999999999999976e-01 1.203999999999999959e+00
1.340000000000000080e-01 7.870000000000000329e-01 1.729999999999999871e-01 1.449000000000000066e+00
1.340000000000000080e-01 9.690000000000000835e-01 2.369999999999999885e-01 1.695000000000000062e+00
1.340000000000000080e-01 1.373999999999999888e+00 5.010000000000000009e-01 1.947000000000000064e+00
1.380000000000000115e-01 2.108000000000000096e+00 1.020000000000000018e+00 2.259999999999999787e+00
3.019999999999999907e-01 3.270000000000000018e+00 1.635000000000000009e+00 2.867999999999999883e+00
6.420000000000000151e-01 5.009999999999999787e+00 2.439000000000000057e+00 3.664000000000000146e+00
1.078000000000000069e+00 7.538000000000000256e+00 3.642999999999999794e+00 4.642999999999999794e+00
2.161000000000000032e+00 1.126999999999999957e+01 5.217999999999999972e+00 5.735000000000000320e+00
4.963000000000000078e+00 1.688499999999999801e+01 6.748000000000000220e+00 7.016000000000000014e+00
9.740999999999999659e+00 2.377099999999999724e+01 7.413000000000000256e+00 8.468999999999999417e+00
1.529400000000000048e+01 3.097700000000000031e+01 7.692999999999999616e+00 9.858000000000000540e+00
2.112300000000000111e+01 3.810899999999999466e+01 7.751000000000000334e+00 1.112199999999999989e+01
2.691799999999999926e+01 4.501799999999999358e+01 7.716000000000000192e+00 1.229299999999999926e+01
3.209599999999999653e+01 5.112399999999999523e+01 7.584999999999999964e+00 1.337800000000000011e+01
3.630599999999999739e+01 5.609299999999999642e+01 7.415000000000000036e+00 1.432900000000000063e+01
3.974900000000000233e+01 6.022200000000000131e+01 7.280000000000000249e+00 1.517099999999999937e+01
4.264900000000000091e+01 6.374000000000000199e+01 7.128999999999999559e+00 1.596100000000000030e+01
4.506600000000000250e+01 6.675700000000000500e+01 7.001999999999999780e+00 1.670899999999999963e+01
4.708599999999999852e+01 6.939099999999999113e+01 6.916000000000000369e+00 1.743199999999999861e+01
4.882600000000000051e+01 7.170199999999999818e+01 6.818999999999999950e+00 1.813700000000000045e+01
5.036200000000000188e+01 7.374699999999999989e+01 6.671999999999999709e+00 1.882900000000000063e+01
5.173599999999999710e+01 7.557599999999999341e+01 6.482999999999999652e+00 1.951399999999999935e+01
5.296399999999999864e+01 7.722400000000000375e+01 6.285999999999999588e+00 2.019500000000000028e+01
5.400399999999999778e+01 7.871099999999999852e+01 6.259999999999999787e+00 2.087199999999999989e+01
5.491700000000000159e+01 8.006499999999999773e+01 6.232999999999999652e+00 2.154599999999999937e+01
5.571000000000000085e+01 8.130200000000000671e+01 6.211000000000000298e+00 2.221600000000000108e+01
5.640200000000000102e+01 8.244299999999999784e+01 6.193999999999999950e+00 2.288800000000000168e+01
5.700500000000000256e+01 8.349600000000000932e+01 6.177999999999999936e+00 2.355799999999999983e+01
5.753199999999999648e+01 8.447499999999999432e+01 6.163000000000000256e+00 2.422700000000000031e+01
5.799300000000000210e+01 8.538400000000000034e+01 6.147999999999999687e+00 2.489399999999999835e+01
5.838799999999999812e+01 8.623599999999999000e+01 6.134000000000000341e+00 2.556099999999999994e+01
5.871600000000000108e+01 8.703600000000000136e+01 6.121000000000000441e+00 2.623000000000000043e+01
5.898299999999999699e+01 8.778600000000000136e+01 6.110000000000000320e+00 2.689699999999999847e+01
5.919599999999999795e+01 8.849499999999999034e+01 6.097999999999999865e+00 2.756299999999999883e+01
5.936999999999999744e+01 8.916299999999999670e+01 6.078000000000000291e+00 2.822800000000000153e+01
5.951500000000000057e+01 8.979900000000000659e+01 6.043000000000000149e+00 2.889600000000000080e+01
5.963499999999999801e+01 9.040000000000000568e+01 5.993999999999999773e+00 2.956099999999999994e+01
5.973100000000000165e+01 9.097299999999999898e+01 5.932000000000000384e+00 3.022700000000000031e+01
5.980499999999999972e+01 9.151800000000000068e+01 5.860000000000000320e+00 3.089199999999999946e+01
5.985999999999999943e+01 9.203900000000000148e+01 5.777000000000000135e+00 3.155699999999999861e+01
5.989600000000000080e+01 9.253900000000000148e+01 5.684999999999999609e+00 3.222399999999999665e+01
5.991899999999999693e+01 9.301600000000000534e+01 5.583999999999999631e+00 3.288600000000000279e+01
5.993500000000000227e+01 9.347500000000000853e+01 5.472999999999999865e+00 3.354099999999999682e+01
