1.130000000000000032e-01 1.310000000000000053e-01 7.079999999999999627e-01 1.130000000000000032e-01
1.130000000000000032e-01 2.620000000000000107e-01 7.960000000000000409e-01 1.809999999999999942e-01
1.130000000000000032e-01 3.930000000000000160e-01 8.810000000000000053e-01 2.489999999999999991e-01
1.130000000000000032e-01 5.250000000000000222e-01 9.659999999999999698e-01 3.190000000000000058e-01
1.130000000000000032e-01 6.560000000000000275e-01 1.050000000000000044e+00 3.880000000000000115e-01
1.650000000000000078e-01 7.870000000000000329e-01 1.080000000000000071e+00 4.600000000000000200e-01
2.320000000000000118e-01 9.690000000000000835e-01 1.145000000000000018e+00 5.330000000000000293e-01
3.170000000000000040e-01 1.373999999999999888e+00 1.409000000000000030e+00 6.129999999999999893e-01
4.369999999999999996e-01 2.108000000000000096e+00 1.923000000000000043e+00 7.339999999999999858e-01
6.250000000000000000e-01 3.270999999999999908e+00 2.564999999999999947e+00 1.074999999999999956e+00
1.018999999999999906e+00 5.012000000000000455e+00 3.443000000000000060e+00 1.570000000000000062e+00
1.590999999999999970e+00 7.540999999999999481e+00 4.721000000000000085e+00 2.254000000000000004e+00
3.020000000000000018e+00 1.127400000000000091e+01 6.213000000000000078e+00 3.056999999999999940e+00
6.652999999999999581e+00 1.689099999999999824e+01 7.219000000000000306e+00 4.044999999999999929e+00
1.188899999999999935e+01 2.377699999999999747e+01 7.730999999999999872e+00 5.206999999999999851e+00
1.787399999999999878e+01 3.098300000000000054e+01 7.873999999999999666e+00 6.306000000000000050e+00
2.411700000000000088e+01 3.811499999999999488e+01 7.809000000000000163e+00 7.282000000000000028e+00
3.023799999999999955e+01 4.502399999999999380e+01 7.732999999999999652e+00 8.167999999999999261e+00
3.568500000000000227e+01 5.112800000000000011e+01 7.618000000000000327e+00 8.967000000000000526e+00
4.017399999999999949e+01 5.609499999999999886e+01 7.455000000000000071e+00 9.628999999999999559e+00
4.390599999999999881e+01 6.022299999999999898e+01 7.317999999999999616e+00 1.017999999999999972e+01
4.707300000000000040e+01 6.373900000000000432e+01 7.189000000000000057e+00 1.067699999999999960e+01
4.978600000000000136e+01 6.675499999999999545e+01 7.056000000000000050e+00 1.113299999999999912e+01
5.210699999999999932e+01 6.938700000000000045e+01 6.958999999999999631e+00 1.156300000000000061e+01
5.410999999999999943e+01 7.169700000000000273e+01 6.878999999999999559e+00 1.197400000000000020e+01
5.585499999999999687e+01 7.374199999999999022e+01 6.806000000000000050e+00 1.237199999999999989e+01
5.739300000000000068e+01 7.557099999999999795e+01 6.732999999999999652e+00 1.276200000000000045e+01
5.875600000000000023e+01 7.721800000000000352e+01 6.655000000000000249e+00 1.314700000000000024e+01
5.998899999999999721e+01 7.870499999999999829e+01 6.556000000000000050e+00 1.352899999999999991e+01
6.112100000000000222e+01 8.005899999999999750e+01 6.435999999999999943e+00 1.390700000000000003e+01
6.216499999999999915e+01 8.129500000000000171e+01 6.298000000000000043e+00 1.428400000000000070e+01
6.304200000000000159e+01 8.243600000000000705e+01 6.211000000000000298e+00 1.466000000000000014e+01
6.376599999999999824e+01 8.348900000000000432e+01 6.190000000000000391e+00 1.503400000000000070e+01
6.440999999999999659e+01 8.446799999999998931e+01 6.173000000000000043e+00 1.540799999999999947e+01
6.498399999999999466e+01 8.537699999999999534e+01 6.158999999999999808e+00 1.577999999999999936e+01
6.549899999999999523e+01 8.622899999999999920e+01 6.145999999999999908e+00 1.615299999999999869e+01
6.596299999999999386e+01 8.702899999999999636e+01 6.134000000000000341e+00 1.652299999999999969e+01
6.638899999999999579e+01 8.777899999999999636e+01 6.121999999999999886e+00 1.688200000000000145e+01
6.678199999999999648e+01 8.848699999999999477e+01 6.110000000000000320e+00 1.723100000000000165e+01
6.714400000000000546e+01 8.915599999999999170e+01 6.097999999999999865e+00 1.757100000000000151e+01
6.748099999999999454e+01 8.979099999999999682e+01 6.086999999999999744e+00 1.790200000000000102e+01
6.779200000000000159e+01 9.039300000000000068e+01 6.076999999999999957e+00 1.822500000000000142e+01
6.808100000000000307e+01 9.096500000000000341e+01 6.067000000000000171e+00 1.853999999999999915e+01
6.834900000000000375e+01 9.151000000000000512e+01 6.057999999999999829e+00 1.884799999999999898e+01
6.859799999999999898e+01 9.203100000000000591e+01 6.049999999999999822e+00 1.914999999999999858e+01
6.882999999999999829e+01 9.253100000000000591e+01 6.041999999999999815e+00 1.944699999999999918e+01
6.904600000000000648e+01 9.300900000000000034e+01 6.035000000000000142e+00 1.973799999999999955e+01
6.924699999999999989e+01 9.346700000000001296e+01 6.027999999999999581e+00 2.002400000000000091e+01
