1.340000000000000080e-01 1.310000000000000053e-01 6.540000000000000258e-01 1.459999999999999909e-01
1.340000000000000080e-01 2.620000000000000107e-01 6.850000000000000533e-01 2.710000000000000187e-01
1.340000000000000080e-01 3.930000000000000160e-01 7.129999999999999671e-01 3.980000000000000204e-01
1.340000000000000080e-01 5.250000000000000222e-01 7.409999999999999920e-01 5.250000000000000222e-01
1.340000000000000080e-01 6.560000000000000275e-01 7.680000000000000160e-01 6.520000000000000240e-01
1.340000000000000080e-01 7.870000000000000329e-01 7.930000000000000382e-01 7.820000000000000284e-01
1.340000000000000080e-01 9.530000000000000693e-01 8.509999999999999787e-01 9.130000000000000338e-01
1.340000000000000080e-01 1.283999999999999808e+00 1.072999999999999954e+00 1.048999999999999932e+00
1.340000000000000080e-01 1.887000000000000011e+00 1.544999999999999929e+00 1.209999999999999964e+00
2.280000000000000082e-01 2.891000000000000014e+00 2.290999999999999925e+00 1.514000000000000012e+00
5.739999999999999547e-01 4.562000000000000277e+00 3.416999999999999815e+00 1.903999999999999915e+00
1.260000000000000009e+00 7.105999999999999872e+00 4.748999999999999666e+00 2.528999999999999915e+00
2.318000000000000060e+00 1.013300000000000090e+01 6.025000000000000355e+00 3.245999999999999996e+00
4.019999999999999574e+00 1.335100000000000087e+01 6.850999999999999979e+00 3.939000000000000057e+00
6.217999999999999972e+00 1.663499999999999801e+01 7.299999999999999822e+00 4.581000000000000405e+00
8.727000000000000313e+00 1.988500000000000156e+01 7.461999999999999744e+00 5.171999999999999709e+00
1.139100000000000001e+01 2.305199999999999960e+01 7.435999999999999943e+00 5.719999999999999751e+00
1.402500000000000036e+01 2.612400000000000233e+01 7.381999999999999673e+00 6.232999999999999652e+00
1.645200000000000173e+01 2.891400000000000148e+01 7.286999999999999922e+00 6.714000000000000412e+00
1.855499999999999972e+01 3.129800000000000182e+01 7.142000000000000348e+00 7.163999999999999702e+00
2.040800000000000125e+01 3.336099999999999710e+01 6.972999999999999865e+00 7.575999999999999623e+00
2.208699999999999974e+01 3.518299999999999983e+01 6.772999999999999687e+00 7.953000000000000291e+00
2.361499999999999844e+01 3.679700000000000415e+01 6.548000000000000043e+00 8.305999999999999162e+00
2.501200000000000045e+01 3.825000000000000000e+01 6.350999999999999979e+00 8.644000000000000128e+00
2.623799999999999955e+01 3.956399999999999295e+01 6.312999999999999723e+00 8.971000000000000085e+00
2.734799999999999898e+01 4.075900000000000034e+01 6.280000000000000249e+00 9.291999999999999815e+00
2.835900000000000176e+01 4.185699999999999932e+01 6.251999999999999780e+00 9.608000000000000540e+00
2.928200000000000003e+01 4.286899999999999977e+01 6.230999999999999872e+00 9.922000000000000597e+00
3.012600000000000122e+01 4.380300000000000438e+01 6.213000000000000078e+00 1.023399999999999999e+01
3.090500000000000114e+01 4.467000000000000171e+01 6.195000000000000284e+00 1.054299999999999926e+01
3.162000000000000099e+01 4.547700000000000387e+01 6.179999999999999716e+00 1.085100000000000087e+01
3.227100000000000080e+01 4.623300000000000409e+01 6.166999999999999815e+00 1.115900000000000070e+01
3.286399999999999721e+01 4.694200000000000017e+01 6.150999999999999801e+00 1.146499999999999986e+01
3.340299999999999869e+01 4.760900000000000176e+01 6.136999999999999567e+00 1.177100000000000080e+01
3.388900000000000290e+01 4.823700000000000188e+01 6.125000000000000000e+00 1.207600000000000051e+01
3.433299999999999841e+01 4.883100000000000307e+01 6.115000000000000213e+00 1.238000000000000078e+01
3.473700000000000188e+01 4.939500000000000313e+01 6.105999999999999872e+00 1.268500000000000050e+01
3.510399999999999920e+01 4.992999999999999972e+01 6.097999999999999865e+00 1.298900000000000077e+01
3.543800000000000239e+01 5.044000000000000483e+01 6.091000000000000192e+00 1.329299999999999926e+01
3.574199999999999733e+01 5.092500000000000426e+01 6.083999999999999631e+00 1.359600000000000009e+01
3.601899999999999835e+01 5.139200000000000301e+01 6.078000000000000291e+00 1.390000000000000036e+01
3.627100000000000080e+01 5.183700000000000330e+01 6.073000000000000398e+00 1.420400000000000063e+01
3.650399999999999778e+01 5.226400000000000290e+01 6.067000000000000171e+00 1.450399999999999956e+01
3.672299999999999898e+01 5.267500000000000426e+01 6.059999999999999609e+00 1.479599999999999937e+01
3.693200000000000216e+01 5.307000000000000028e+01 6.052999999999999936e+00 1.508200000000000074e+01
3.713000000000000256e+01 5.345299999999999585e+01 6.044999999999999929e+00 1.536100000000000065e+01
3.731700000000000017e+01 5.382099999999999795e+01 6.038000000000000256e+00 1.563299999999999912e+01
3.749600000000000222e+01 5.417699999999999960e+01 6.032000000000000028e+00 1.589899999999999913e+01
