1.340000000000000080e-01 1.310000000000000053e-01 7.059999999999999609e-01 9.400000000000000022e-02
1.340000000000000080e-01 2.620000000000000107e-01 7.940000000000000391e-01 1.630000000000000060e-01
1.340000000000000080e-01 3.930000000000000160e-01 8.790000000000000036e-01 2.320000000000000118e-01
1.340000000000000080e-01 5.250000000000000222e-01 9.639999999999999680e-01 3.019999999999999907e-01
1.340000000000000080e-01 6.560000000000000275e-01 1.048000000000000043e+00 3.719999999999999973e-01
1.859999999999999987e-01 7.870000000000000329e-01 1.078000000000000069e+00 4.450000000000000067e-01
2.500000000000000000e-01 9.320000000000000506e-01 1.108999999999999986e+00 5.190000000000000169e-01
3.200000000000000067e-01 1.149000000000000021e+00 1.205000000000000071e+00 5.949999999999999734e-01
4.000000000000000222e-01 1.479999999999999982e+00 1.399999999999999911e+00 6.750000000000000444e-01
4.949999999999999956e-01 1.960999999999999854e+00 1.709000000000000075e+00 7.880000000000000338e-01
6.400000000000000133e-01 2.641000000000000014e+00 2.099000000000000199e+00 1.040000000000000036e+00
9.449999999999999512e-01 3.586999999999999744e+00 2.555000000000000160e+00 1.405000000000000027e+00
1.405999999999999917e+00 4.932000000000000384e+00 3.136000000000000121e+00 1.905999999999999917e+00
2.065999999999999837e+00 6.878000000000000114e+00 3.998000000000000220e+00 2.504000000000000004e+00
2.810000000000000053e+00 9.292999999999999261e+00 5.065999999999999837e+00 3.174999999999999822e+00
3.741000000000000103e+00 1.190600000000000058e+01 6.086000000000000298e+00 3.857000000000000206e+00
5.121000000000000441e+00 1.458399999999999963e+01 6.735999999999999766e+00 4.504999999999999893e+00
6.847000000000000419e+00 1.726299999999999812e+01 7.084999999999999964e+00 5.113999999999999879e+00
8.676999999999999602e+00 1.972500000000000142e+01 7.165000000000000036e+00 5.679999999999999716e+00
1.041900000000000048e+01 2.182600000000000051e+01 7.019000000000000128e+00 6.206999999999999851e+00
1.199600000000000044e+01 2.364499999999999957e+01 6.806000000000000050e+00 6.692000000000000171e+00
1.342500000000000071e+01 2.525799999999999912e+01 6.578999999999999737e+00 7.139999999999999680e+00
1.472499999999999964e+01 2.669399999999999906e+01 6.362000000000000099e+00 7.559999999999999609e+00
1.586500000000000021e+01 2.799399999999999977e+01 6.317999999999999616e+00 7.966999999999999638e+00
1.688899999999999935e+01 2.917299999999999827e+01 6.283000000000000362e+00 8.362000000000000099e+00
1.781099999999999994e+01 3.024899999999999878e+01 6.251999999999999780e+00 8.750000000000000000e+00
1.864799999999999969e+01 3.123900000000000077e+01 6.224999999999999645e+00 9.134999999999999787e+00
1.941199999999999903e+01 3.215500000000000114e+01 6.198999999999999844e+00 9.516000000000000014e+00
2.010399999999999920e+01 3.300200000000000244e+01 6.177999999999999936e+00 9.894999999999999574e+00
2.073499999999999943e+01 3.378999999999999915e+01 6.160999999999999588e+00 1.027200000000000024e+01
2.129899999999999949e+01 3.452499999999999858e+01 6.145999999999999908e+00 1.064700000000000024e+01
2.180300000000000082e+01 3.521600000000000108e+01 6.134000000000000341e+00 1.102200000000000024e+01
2.225300000000000011e+01 3.586400000000000432e+01 6.123999999999999666e+00 1.139600000000000080e+01
2.265299999999999869e+01 3.647599999999999909e+01 6.115000000000000213e+00 1.176900000000000013e+01
2.300900000000000034e+01 3.705199999999999960e+01 6.107000000000000206e+00 1.214100000000000001e+01
2.332700000000000173e+01 3.760000000000000142e+01 6.099000000000000199e+00 1.251299999999999990e+01
2.360999999999999943e+01 3.812000000000000455e+01 6.092999999999999972e+00 1.288499999999999979e+01
2.386100000000000065e+01 3.861500000000000199e+01 6.086000000000000298e+00 1.325600000000000023e+01
2.408200000000000074e+01 3.908700000000000330e+01 6.081000000000000405e+00 1.362700000000000067e+01
2.427700000000000102e+01 3.953800000000000381e+01 6.075000000000000178e+00 1.399699999999999989e+01
2.444900000000000162e+01 3.997200000000000131e+01 6.070000000000000284e+00 1.436800000000000033e+01
2.460699999999999932e+01 4.038700000000000045e+01 6.062999999999999723e+00 1.473099999999999987e+01
2.475300000000000011e+01 4.078600000000000136e+01 6.056000000000000050e+00 1.508600000000000030e+01
2.488800000000000168e+01 4.116900000000000404e+01 6.046999999999999709e+00 1.543299999999999983e+01
2.501899999999999835e+01 4.153999999999999915e+01 6.033999999999999808e+00 1.577399999999999913e+01
2.514600000000000080e+01 4.189900000000000091e+01 6.014999999999999680e+00 1.610800000000000054e+01
2.526800000000000068e+01 4.224499999999999744e+01 5.993000000000000327e+00 1.643499999999999872e+01
2.538700000000000045e+01 4.257999999999999829e+01 5.966000000000000192e+00 1.675700000000000145e+01
