1.340000000000000080e-01 1.310000000000000053e-01 6.039999999999999813e-01 1.960000000000000075e-01
1.340000000000000080e-01 2.620000000000000107e-01 5.769999999999999574e-01 3.780000000000000027e-01
1.340000000000000080e-01 3.930000000000000160e-01 5.490000000000000435e-01 5.610000000000000542e-01
1.340000000000000080e-01 5.250000000000000222e-01 5.200000000000000178e-01 7.449999999999999956e-01
1.340000000000000080e-01 6.560000000000000275e-01 4.909999999999999920e-01 9.290000000000000480e-01
1.340000000000000080e-01 7.870000000000000329e-01 4.580000000000000182e-01 1.116999999999999993e+00
1.340000000000000080e-01 9.360000000000000542e-01 4.420000000000000040e-01 1.304999999999999938e+00
1.340000000000000080e-01 1.173999999999999932e+00 5.130000000000000115e-01 1.495000000000000107e+00
1.340000000000000080e-01 1.545999999999999819e+00 7.129999999999999671e-01 1.691000000000000059e+00
1.340000000000000080e-01 2.088999999999999968e+00 1.054999999999999938e+00 1.945000000000000062e+00
1.970000000000000084e-01 2.852999999999999758e+00 1.475999999999999979e+00 2.350999999999999979e+00
3.930000000000000160e-01 3.894000000000000128e+00 2.008000000000000007e+00 2.862000000000000099e+00
6.899999999999999467e-01 5.317000000000000171e+00 2.689999999999999947e+00 3.505999999999999783e+00
1.098000000000000087e+00 7.289000000000000590e+00 3.709000000000000075e+00 4.221000000000000085e+00
1.637000000000000011e+00 1.015900000000000070e+01 5.285999999999999588e+00 5.022000000000000242e+00
3.157000000000000028e+00 1.381400000000000006e+01 6.525999999999999801e+00 5.927999999999999936e+00
5.591000000000000192e+00 1.776200000000000045e+01 7.116999999999999993e+00 6.855999999999999872e+00
8.423999999999999488e+00 2.178600000000000136e+01 7.434999999999999609e+00 7.737000000000000099e+00
1.128400000000000070e+01 2.545100000000000051e+01 7.448000000000000398e+00 8.547000000000000597e+00
1.380300000000000082e+01 2.849500000000000099e+01 7.283999999999999808e+00 9.256000000000000227e+00
1.593200000000000038e+01 3.107500000000000284e+01 7.120000000000000107e+00 9.890000000000000568e+00
1.773699999999999832e+01 3.331400000000000006e+01 6.987000000000000099e+00 1.047899999999999920e+01
1.932799999999999940e+01 3.526900000000000546e+01 6.828000000000000291e+00 1.102999999999999936e+01
2.076500000000000057e+01 3.700500000000000256e+01 6.628999999999999559e+00 1.156099999999999994e+01
2.206800000000000139e+01 3.855400000000000205e+01 6.410000000000000142e+00 1.207699999999999996e+01
2.320499999999999829e+01 3.994799999999999329e+01 6.317999999999999616e+00 1.258300000000000018e+01
2.420599999999999952e+01 4.121699999999999875e+01 6.286999999999999922e+00 1.308399999999999963e+01
2.510099999999999909e+01 4.237900000000000489e+01 6.259999999999999787e+00 1.358200000000000074e+01
2.589900000000000091e+01 4.344300000000000495e+01 6.235999999999999766e+00 1.407600000000000051e+01
2.661599999999999966e+01 4.442500000000000426e+01 6.211999999999999744e+00 1.456799999999999962e+01
2.725900000000000034e+01 4.533300000000000551e+01 6.190999999999999837e+00 1.505799999999999983e+01
2.783599999999999852e+01 4.617999999999999972e+01 6.174999999999999822e+00 1.554700000000000060e+01
2.834799999999999898e+01 4.696900000000000119e+01 6.160999999999999588e+00 1.603600000000000136e+01
2.879500000000000171e+01 4.770799999999999841e+01 6.147999999999999687e+00 1.652299999999999969e+01
2.918199999999999861e+01 4.840100000000000335e+01 6.137999999999999901e+00 1.700900000000000034e+01
2.951699999999999946e+01 4.905400000000000205e+01 6.128999999999999559e+00 1.749500000000000099e+01
2.980600000000000094e+01 4.967099999999999937e+01 6.121000000000000441e+00 1.798199999999999932e+01
3.005199999999999960e+01 5.025400000000000489e+01 6.113999999999999879e+00 1.846799999999999997e+01
3.025900000000000034e+01 5.080799999999999983e+01 6.107000000000000206e+00 1.895299999999999940e+01
3.043199999999999861e+01 5.133400000000000318e+01 6.100999999999999979e+00 1.943700000000000117e+01
3.057400000000000162e+01 5.183700000000000330e+01 6.094999999999999751e+00 1.992299999999999827e+01
3.068700000000000117e+01 5.231600000000000250e+01 6.089000000000000412e+00 2.040700000000000003e+01
3.077299999999999969e+01 5.277400000000000091e+01 6.083999999999999631e+00 2.089199999999999946e+01
3.083800000000000097e+01 5.321300000000000097e+01 6.078999999999999737e+00 2.137300000000000111e+01
3.089000000000000057e+01 5.363499999999999801e+01 6.072000000000000064e+00 2.184799999999999898e+01
3.092899999999999849e+01 5.404200000000000159e+01 6.065000000000000391e+00 2.231599999999999895e+01
3.096099999999999852e+01 5.443299999999999983e+01 6.054000000000000270e+00 2.277700000000000102e+01
3.098699999999999832e+01 5.481000000000000227e+01 6.038000000000000256e+00 2.323000000000000043e+01
