1.130000000000000032e-01 1.310000000000000053e-01 6.560000000000000275e-01 1.650000000000000078e-01
1.130000000000000032e-01 2.620000000000000107e-01 6.870000000000000551e-01 2.889999999999999791e-01
1.130000000000000032e-01 3.930000000000000160e-01 7.149999999999999689e-01 4.149999999999999800e-01
1.130000000000000032e-01 5.250000000000000222e-01 7.429999999999999938e-01 5.410000000000000364e-01
1.130000000000000032e-01 6.560000000000000275e-01 7.700000000000000178e-01 6.670000000000000373e-01
1.130000000000000032e-01 7.870000000000000329e-01 7.950000000000000400e-01 7.960000000000000409e-01
1.130000000000000032e-01 9.850000000000000977e-01 8.850000000000000089e-01 9.270000000000000462e-01
1.130000000000000032e-01 1.481999999999999984e+00 1.266000000000000014e+00 1.066999999999999948e+00
1.130000000000000032e-01 2.451999999999999957e+00 2.020000000000000018e+00 1.302000000000000046e+00
2.220000000000000029e-01 4.125999999999999446e+00 3.097999999999999865e+00 1.788000000000000034e+00
8.449999999999999734e-01 6.955000000000000071e+00 4.594999999999999751e+00 2.512000000000000011e+00
2.680000000000000160e+00 1.124699999999999989e+01 6.075000000000000178e+00 3.486000000000000210e+00
5.834999999999999964e+00 1.630000000000000071e+01 6.932999999999999829e+00 4.549000000000000377e+00
9.672000000000000597e+00 2.160499999999999687e+01 7.427999999999999936e+00 5.536999999999999922e+00
1.390700000000000003e+01 2.695100000000000051e+01 7.645999999999999908e+00 6.450999999999999623e+00
1.829899999999999949e+01 3.217900000000000205e+01 7.657000000000000028e+00 7.296999999999999709e+00
2.262399999999999878e+01 3.721799999999999642e+01 7.602999999999999758e+00 8.086999999999999744e+00
2.678699999999999903e+01 4.205699999999999505e+01 7.552999999999999936e+00 8.833000000000000185e+00
3.053200000000000003e+01 4.638400000000000034e+01 7.458999999999999631e+00 9.532000000000000028e+00
3.368500000000000227e+01 5.000199999999999534e+01 7.320000000000000284e+00 1.015600000000000058e+01
3.636800000000000210e+01 5.307099999999999795e+01 7.158999999999999808e+00 1.072300000000000075e+01
3.865299999999999869e+01 5.573000000000000398e+01 7.028999999999999915e+00 1.124799999999999933e+01
4.059400000000000119e+01 5.804700000000000415e+01 6.934000000000000163e+00 1.173900000000000077e+01
4.228199999999999648e+01 6.009700000000000131e+01 6.849000000000000199e+00 1.221100000000000030e+01
4.375200000000000244e+01 6.191899999999999693e+01 6.769999999999999574e+00 1.266900000000000048e+01
4.503900000000000148e+01 6.355100000000000193e+01 6.690000000000000391e+00 1.311700000000000088e+01
4.619299999999999784e+01 6.502599999999999625e+01 6.594999999999999751e+00 1.356000000000000050e+01
4.725000000000000000e+01 6.636899999999999977e+01 6.477000000000000313e+00 1.400000000000000000e+01
4.821800000000000352e+01 6.759399999999999409e+01 6.339999999999999858e+00 1.443699999999999939e+01
4.905499999999999972e+01 6.871999999999999886e+01 6.224999999999999645e+00 1.487100000000000044e+01
4.970799999999999841e+01 6.975799999999999557e+01 6.201999999999999957e+00 1.530400000000000027e+01
5.028399999999999892e+01 7.072400000000000375e+01 6.182999999999999829e+00 1.573600000000000065e+01
5.078900000000000148e+01 7.162199999999999989e+01 6.168000000000000149e+00 1.616700000000000159e+01
5.123400000000000176e+01 7.246199999999998909e+01 6.153999999999999915e+00 1.659700000000000131e+01
5.162599999999999767e+01 7.324599999999999511e+01 6.142000000000000348e+00 1.702499999999999858e+01
5.198100000000000165e+01 7.398499999999999943e+01 6.129999999999999893e+00 1.744300000000000139e+01
5.230400000000000205e+01 7.468199999999998795e+01 6.116999999999999993e+00 1.785099999999999909e+01
5.259700000000000131e+01 7.533899999999999864e+01 6.105000000000000426e+00 1.825000000000000000e+01
5.286399999999999721e+01 7.596099999999999852e+01 6.094000000000000306e+00 1.863899999999999935e+01
5.310600000000000165e+01 7.654999999999999716e+01 6.083000000000000185e+00 1.901899999999999835e+01
5.332699999999999818e+01 7.711400000000000432e+01 6.073000000000000398e+00 1.939300000000000068e+01
5.352700000000000102e+01 7.764799999999999613e+01 6.064000000000000057e+00 1.975799999999999912e+01
5.370799999999999841e+01 7.815900000000000603e+01 6.056000000000000050e+00 2.011799999999999855e+01
5.387199999999999989e+01 7.864700000000000557e+01 6.048000000000000043e+00 2.047100000000000009e+01
5.402100000000000080e+01 7.911499999999999488e+01 6.041000000000000369e+00 2.081899999999999906e+01
5.415500000000000114e+01 7.956500000000001194e+01 6.033999999999999808e+00 2.116400000000000148e+01
5.427600000000000335e+01 7.999699999999999989e+01 6.027000000000000135e+00 2.150300000000000011e+01
5.438799999999999812e+01 8.041200000000000614e+01 6.017999999999999794e+00 2.183800000000000097e+01
