2.500000000000000139e-02 1.310000000000000053e-01 6.189999999999999947e-01 2.879999999999999782e-01
2.500000000000000139e-02 2.620000000000000107e-01 5.879999999999999671e-01 4.749999999999999778e-01
2.500000000000000139e-02 3.930000000000000160e-01 5.600000000000000533e-01 6.580000000000000293e-01
2.500000000000000139e-02 5.250000000000000222e-01 5.310000000000000275e-01 8.409999999999999698e-01
2.500000000000000139e-02 6.560000000000000275e-01 5.010000000000000009e-01 1.024000000000000021e+00
2.500000000000000139e-02 7.870000000000000329e-01 4.680000000000000271e-01 1.211000000000000076e+00
2.500000000000000139e-02 9.750000000000000888e-01 4.919999999999999929e-01 1.397999999999999909e+00
2.500000000000000139e-02 1.423000000000000043e+00 7.680000000000000160e-01 1.594000000000000083e+00
2.500000000000000139e-02 2.280000000000000249e+00 1.389000000000000012e+00 1.854000000000000092e+00
3.200000000000000067e-02 3.734999999999999876e+00 2.259999999999999787e+00 2.468999999999999861e+00
7.399999999999999634e-02 6.151999999999999247e+00 3.781000000000000139e+00 3.310999999999999943e+00
1.122999999999999998e+00 9.778000000000000469e+00 5.312999999999999723e+00 4.378000000000000114e+00
3.271999999999999797e+00 1.407399999999999984e+01 6.341999999999999638e+00 5.525000000000000355e+00
6.144999999999999574e+00 1.862299999999999756e+01 6.939000000000000057e+00 6.620000000000000107e+00
9.409000000000000696e+00 2.324599999999999866e+01 7.277999999999999581e+00 7.658999999999999808e+00
1.284500000000000064e+01 2.780300000000000082e+01 7.437000000000000277e+00 8.638999999999999346e+00
1.631200000000000117e+01 3.222299999999999898e+01 7.480000000000000426e+00 9.569000000000000838e+00
1.973300000000000054e+01 3.649399999999999977e+01 7.458999999999999631e+00 1.046199999999999974e+01
2.284900000000000020e+01 4.033500000000000085e+01 7.357999999999999652e+00 1.130899999999999928e+01
2.547899999999999920e+01 4.356400000000000006e+01 7.190999999999999837e+00 1.209900000000000020e+01
2.766000000000000014e+01 4.631599999999999540e+01 7.043999999999999595e+00 1.283699999999999974e+01
2.948400000000000176e+01 4.871400000000000574e+01 6.940999999999999837e+00 1.353599999999999959e+01
3.103200000000000003e+01 5.081000000000000227e+01 6.855000000000000426e+00 1.420299999999999940e+01
3.235799999999999699e+01 5.267300000000000182e+01 6.777000000000000135e+00 1.485299999999999976e+01
3.349199999999999733e+01 5.433599999999999852e+01 6.695000000000000284e+00 1.548900000000000077e+01
3.444500000000000028e+01 5.582999999999999829e+01 6.634000000000000341e+00 1.611700000000000088e+01
3.522800000000000153e+01 5.718599999999999994e+01 6.605999999999999872e+00 1.673999999999999844e+01
3.589699999999999847e+01 5.842699999999999960e+01 6.578999999999999737e+00 1.736100000000000065e+01
3.646000000000000085e+01 5.956200000000000472e+01 6.557000000000000384e+00 1.797899999999999920e+01
3.692799999999999727e+01 6.060900000000000176e+01 6.543000000000000149e+00 1.859400000000000119e+01
3.732099999999999795e+01 6.157700000000000529e+01 6.527000000000000135e+00 1.920700000000000074e+01
3.764699999999999847e+01 6.248000000000000398e+01 6.511999999999999567e+00 1.982100000000000151e+01
3.791400000000000148e+01 6.332100000000000506e+01 6.496000000000000441e+00 2.043299999999999983e+01
3.813900000000000290e+01 6.410899999999999466e+01 6.469999999999999751e+00 2.104400000000000048e+01
3.832800000000000296e+01 6.484600000000000364e+01 6.432000000000000384e+00 2.165399999999999991e+01
3.848499999999999943e+01 6.554099999999999682e+01 6.384999999999999787e+00 2.226399999999999935e+01
3.861399999999999721e+01 6.619799999999999329e+01 6.328999999999999737e+00 2.287500000000000000e+01
3.873199999999999932e+01 6.681900000000000261e+01 6.251999999999999780e+00 2.348499999999999943e+01
3.884000000000000341e+01 6.740699999999999648e+01 6.155000000000000249e+00 2.409400000000000119e+01
3.894100000000000250e+01 6.796500000000000341e+01 6.038999999999999702e+00 2.470200000000000173e+01
3.903300000000000125e+01 6.849899999999999523e+01 5.897000000000000242e+00 2.531200000000000117e+01
3.910699999999999932e+01 6.900700000000000500e+01 5.807000000000000384e+00 2.585999999999999943e+01
3.917399999999999949e+01 6.949199999999999022e+01 5.708999999999999631e+00 2.640099999999999980e+01
3.923400000000000176e+01 6.995700000000000784e+01 5.605000000000000426e+00 2.693199999999999861e+01
3.928900000000000148e+01 7.040300000000000580e+01 5.496000000000000441e+00 2.745499999999999829e+01
3.933899999999999864e+01 7.083300000000001262e+01 5.381999999999999673e+00 2.797400000000000020e+01
3.938400000000000034e+01 7.124500000000000455e+01 5.261999999999999567e+00 2.848699999999999832e+01
3.942399999999999949e+01 7.164300000000000068e+01 5.134999999999999787e+00 2.899599999999999866e+01
