8.799999999999999489e-02 1.310000000000000053e-01 8.389999999999999680e-01 8.899999999999999578e-02
8.799999999999999489e-02 2.620000000000000107e-01 9.879999999999999893e-01 1.000000000000000056e-01
8.799999999999999489e-02 3.930000000000000160e-01 1.082999999999999963e+00 1.630000000000000060e-01
8.799999999999999489e-02 5.250000000000000222e-01 1.163999999999999924e+00 2.359999999999999876e-01
8.799999999999999489e-02 6.560000000000000275e-01 1.245000000000000107e+00 3.089999999999999969e-01
1.399999999999999856e-01 7.870000000000000329e-01 1.274000000000000021e+00 3.810000000000000053e-01
2.030000000000000138e-01 9.240000000000000435e-01 1.296000000000000041e+00 4.540000000000000147e-01
2.690000000000000169e-01 1.086999999999999966e+00 1.344999999999999973e+00 5.270000000000000240e-01
3.379999999999999671e-01 1.292999999999999927e+00 1.431000000000000050e+00 5.999999999999999778e-01
4.160000000000000364e-01 1.605999999999999872e+00 1.616000000000000103e+00 6.730000000000000426e-01
5.110000000000000098e-01 2.096000000000000085e+00 1.955000000000000071e+00 7.469999999999999973e-01
6.440000000000000169e-01 2.788000000000000256e+00 2.476999999999999869e+00 8.669999999999999929e-01
9.789999999999999813e-01 3.713999999999999968e+00 2.935999999999999943e+00 1.250000000000000000e+00
1.401000000000000023e+00 4.892000000000000348e+00 3.351999999999999869e+00 1.866999999999999993e+00
1.866999999999999993e+00 6.355999999999999872e+00 3.920999999999999819e+00 2.555000000000000160e+00
2.439999999999999947e+00 8.129000000000001336e+00 4.684999999999999609e+00 3.262999999999999901e+00
3.283999999999999808e+00 1.024200000000000088e+01 5.527000000000000135e+00 3.988999999999999879e+00
4.443999999999999950e+00 1.274900000000000055e+01 6.440999999999999837e+00 4.740000000000000213e+00
5.917999999999999261e+00 1.527599999999999980e+01 7.044999999999999929e+00 5.495000000000000107e+00
7.330000000000000071e+00 1.738899999999999935e+01 7.314000000000000057e+00 6.185999999999999943e+00
8.702999999999999403e+00 1.920300000000000296e+01 7.376999999999999780e+00 6.799000000000000377e+00
1.000300000000000011e+01 2.080000000000000071e+01 7.326999999999999957e+00 7.371999999999999886e+00
1.117199999999999882e+01 2.221099999999999852e+01 7.243999999999999773e+00 7.921999999999999709e+00
1.217300000000000182e+01 2.347799999999999798e+01 7.192999999999999616e+00 8.458999999999999631e+00
1.303600000000000136e+01 2.462099999999999866e+01 7.161999999999999922e+00 8.987000000000000099e+00
1.379299999999999926e+01 2.565700000000000003e+01 7.134000000000000341e+00 9.509000000000000341e+00
1.445800000000000018e+01 2.660500000000000043e+01 7.113999999999999879e+00 1.002800000000000047e+01
1.504399999999999871e+01 2.747800000000000153e+01 7.097999999999999865e+00 1.054499999999999993e+01
1.556000000000000050e+01 2.828099999999999881e+01 7.083999999999999631e+00 1.105899999999999928e+01
1.601900000000000190e+01 2.902499999999999858e+01 7.068999999999999950e+00 1.157099999999999973e+01
1.643500000000000227e+01 2.971599999999999753e+01 7.044999999999999929e+00 1.208200000000000074e+01
1.682000000000000028e+01 3.036299999999999955e+01 7.009000000000000341e+00 1.259299999999999997e+01
1.717599999999999838e+01 3.096899999999999764e+01 6.963000000000000078e+00 1.310299999999999976e+01
1.751099999999999923e+01 3.153999999999999915e+01 6.907000000000000028e+00 1.361200000000000010e+01
1.783200000000000074e+01 3.207699999999999818e+01 6.831000000000000405e+00 1.411999999999999922e+01
1.814600000000000080e+01 3.258500000000000085e+01 6.738000000000000433e+00 1.462800000000000011e+01
1.845400000000000063e+01 3.306700000000000017e+01 6.626000000000000334e+00 1.513700000000000045e+01
1.875900000000000034e+01 3.352499999999999858e+01 6.488000000000000433e+00 1.564499999999999957e+01
1.898399999999999821e+01 3.396200000000000330e+01 6.402000000000000135e+00 1.607799999999999940e+01
1.919200000000000017e+01 3.437800000000000011e+01 6.317999999999999616e+00 1.649299999999999855e+01
1.939299999999999713e+01 3.477799999999999869e+01 6.224000000000000199e+00 1.690399999999999991e+01
1.958399999999999608e+01 3.516100000000000136e+01 6.121999999999999886e+00 1.730900000000000105e+01
1.976999999999999957e+01 3.552899999999999636e+01 6.011999999999999567e+00 1.771000000000000085e+01
1.994999999999999929e+01 3.588199999999999790e+01 5.894000000000000128e+00 1.810500000000000043e+01
2.012400000000000233e+01 3.622399999999999665e+01 5.769000000000000128e+00 1.849800000000000111e+01
2.029400000000000404e+01 3.655499999999999972e+01 5.637999999999999901e+00 1.888800000000000168e+01
2.045800000000000196e+01 3.687299999999999756e+01 5.501000000000000334e+00 1.927400000000000091e+01
2.061899999999999977e+01 3.718200000000000216e+01 5.357999999999999652e+00 1.965700000000000003e+01
2.077200000000000202e+01 3.748199999999999932e+01 5.259999999999999787e+00 2.003399999999999892e+01
2.085999999999999943e+01 3.777299999999999613e+01 5.216000000000000192e+00 2.037199999999999989e+01
2.094900000000000162e+01 3.805700000000000216e+01 5.144999999999999574e+00 2.066300000000000026e+01
2.106800000000000139e+01 3.833299999999999841e+01 5.115999999999999659e+00 2.092299999999999827e+01
2.113100000000000023e+01 3.860099999999999909e+01 5.073999999999999844e+00 2.128399999999999892e+01
2.119100000000000250e+01 3.886299999999999955e+01 5.004999999999999893e+00 2.163899999999999935e+01
2.125099999999999767e+01 3.911999999999999744e+01 4.907000000000000028e+00 2.203399999999999892e+01
2.134399999999999764e+01 3.936999999999999744e+01 4.788999999999999702e+00 2.237199999999999989e+01
2.139100000000000179e+01 3.961700000000000443e+01 4.777000000000000135e+00 2.264999999999999858e+01
2.144099999999999895e+01 3.985600000000000165e+01 4.722000000000000419e+00 2.298600000000000065e+01
2.154800000000000182e+01 4.009199999999999875e+01 4.551000000000000156e+00 2.330099999999999838e+01
2.162800000000000011e+01 4.032300000000000040e+01 4.503999999999999559e+00 2.351500000000000057e+01
