0.000000000000000000e+00 1.310000000000000053e-01 9.160000000000000364e-01 1.000000000000000021e-03
0.000000000000000000e+00 2.620000000000000107e-01 9.579999999999999627e-01 1.350000000000000089e-01
0.000000000000000000e+00 3.930000000000000160e-01 9.250000000000000444e-01 3.210000000000000075e-01
0.000000000000000000e+00 5.250000000000000222e-01 8.920000000000000151e-01 5.090000000000000080e-01
0.000000000000000000e+00 6.560000000000000275e-01 8.589999999999999858e-01 6.949999999999999512e-01
0.000000000000000000e+00 7.870000000000000329e-01 8.249999999999999556e-01 8.820000000000000062e-01
0.000000000000000000e+00 9.240000000000000435e-01 7.970000000000000417e-01 1.068999999999999950e+00
0.000000000000000000e+00 1.086999999999999966e+00 7.970000000000000417e-01 1.256000000000000005e+00
0.000000000000000000e+00 1.292999999999999927e+00 8.389999999999999680e-01 1.443000000000000060e+00
0.000000000000000000e+00 1.605999999999999872e+00 9.879999999999999893e-01 1.629000000000000004e+00
0.000000000000000000e+00 2.096000000000000085e+00 1.308000000000000052e+00 1.816000000000000059e+00
0.000000000000000000e+00 2.788000000000000256e+00 1.820999999999999952e+00 2.003000000000000114e+00
6.199999999999999956e-02 3.713999999999999968e+00 2.474000000000000199e+00 2.228000000000000203e+00
3.039999999999999925e-01 4.892000000000000348e+00 3.067000000000000171e+00 2.591000000000000192e+00
6.380000000000000115e-01 6.355999999999999872e+00 3.744000000000000217e+00 3.061999999999999833e+00
1.054999999999999938e+00 8.129000000000001336e+00 4.616999999999999993e+00 3.564999999999999947e+00
1.527999999999999803e+00 1.024099999999999966e+01 5.751000000000000334e+00 4.089999999999999858e+00
2.398000000000000131e+00 1.274900000000000055e+01 6.863999999999999879e+00 4.647000000000000242e+00
3.759999999999999787e+00 1.527599999999999980e+01 7.490000000000000213e+00 5.222999999999999865e+00
5.271999999999999353e+00 1.738899999999999935e+01 7.572000000000000064e+00 5.764999999999999680e+00
6.743999999999999773e+00 1.920300000000000296e+01 7.458999999999999631e+00 6.243999999999999773e+00
8.086000000000002075e+00 2.080000000000000071e+01 7.314000000000000057e+00 6.666000000000000369e+00
9.248000000000001108e+00 2.221099999999999852e+01 7.206000000000000405e+00 7.046000000000000263e+00
1.023800000000000132e+01 2.347799999999999798e+01 7.147999999999999687e+00 7.405000000000000249e+00
1.109200000000000053e+01 2.462099999999999866e+01 7.113999999999999879e+00 7.751999999999999780e+00
1.184300000000000175e+01 2.565700000000000003e+01 7.083999999999999631e+00 8.090999999999999304e+00
1.250500000000000078e+01 2.660500000000000043e+01 7.059999999999999609e+00 8.426999999999999602e+00
1.309300000000000175e+01 2.747800000000000153e+01 7.035000000000000142e+00 8.759000000000000341e+00
1.361000000000000121e+01 2.828099999999999881e+01 7.014999999999999680e+00 9.087999999999999190e+00
1.406700000000000195e+01 2.902499999999999858e+01 6.998999999999999666e+00 9.416000000000000369e+00
1.446900000000000119e+01 2.971599999999999753e+01 6.985999999999999766e+00 9.740999999999999659e+00
1.482500000000000107e+01 3.036299999999999955e+01 6.974000000000000199e+00 1.006700000000000017e+01
1.513900000000000112e+01 3.096899999999999764e+01 6.964999999999999858e+00 1.039100000000000001e+01
1.541600000000000037e+01 3.153999999999999915e+01 6.956999999999999851e+00 1.071499999999999986e+01
1.565900000000000070e+01 3.207699999999999818e+01 6.950000000000000178e+00 1.103700000000000081e+01
1.587300000000000111e+01 3.258500000000000085e+01 6.943999999999999950e+00 1.135999999999999943e+01
1.606099999999999639e+01 3.306700000000000017e+01 6.937999999999999723e+00 1.168299999999999983e+01
1.622499999999999787e+01 3.352499999999999858e+01 6.932999999999999829e+00 1.200500000000000078e+01
1.636799999999999855e+01 3.396200000000000330e+01 6.926000000000000156e+00 1.232600000000000051e+01
1.649499999999999744e+01 3.437800000000000011e+01 6.916999999999999815e+00 1.264700000000000024e+01
1.660699999999999932e+01 3.477799999999999869e+01 6.903999999999999915e+00 1.296899999999999942e+01
1.670499999999999829e+01 3.516100000000000136e+01 6.889999999999999680e+00 1.328999999999999915e+01
1.679099999999999682e+01 3.552899999999999636e+01 6.873000000000000220e+00 1.361100000000000065e+01
1.686499999999999844e+01 3.588199999999999790e+01 6.854000000000000092e+00 1.393099999999999916e+01
1.693399999999999750e+01 3.622399999999999665e+01 6.828000000000000291e+00 1.425200000000000067e+01
1.699799999999999756e+01 3.655499999999999972e+01 6.794999999999999929e+00 1.457300000000000040e+01
1.705799999999999628e+01 3.687299999999999756e+01 6.756000000000000227e+00 1.489400000000000013e+01
1.711299999999999599e+01 3.718200000000000216e+01 6.711000000000000298e+00 1.521400000000000041e+01
1.723499999999999943e+01 3.748199999999999932e+01 6.605000000000000426e+00 1.564300000000000068e+01
1.743700000000000117e+01 3.777299999999999613e+01 6.479000000000000092e+00 1.610999999999999943e+01
1.750999999999999801e+01 3.805700000000000216e+01 6.426999999999999602e+00 1.649099999999999966e+01
1.750999999999999801e+01 3.833299999999999841e+01 6.392000000000000348e+00 1.682700000000000173e+01
1.751399999999999935e+01 3.860099999999999909e+01 6.291999999999999815e+00 1.721999999999999886e+01
1.761399999999999721e+01 3.886299999999999955e+01 6.160999999999999588e+00 1.758299999999999841e+01
1.768499999999999872e+01 3.911999999999999744e+01 6.075999999999999623e+00 1.789799999999999969e+01
1.774500000000000099e+01 3.936999999999999744e+01 5.974999999999999645e+00 1.824399999999999977e+01
1.779800000000000182e+01 3.961599999999999966e+01 5.953999999999999737e+00 1.850799999999999912e+01
1.788000000000000256e+01 3.985600000000000165e+01 5.911999999999999922e+00 1.876699999999999946e+01
1.798100000000000165e+01 4.009199999999999875e+01 5.818999999999999950e+00 1.907000000000000028e+01
1.800299999999999656e+01 4.032300000000000040e+01 5.748000000000000220e+00 1.942800000000000082e+01
