1.290000000000000036e-01 1.310000000000000053e-01 8.040000000000000480e-01 1.310000000000000053e-01
1.290000000000000036e-01 2.620000000000000107e-01 7.750000000000000222e-01 3.370000000000000218e-01
1.290000000000000036e-01 3.930000000000000160e-01 6.860000000000000542e-01 5.809999999999999609e-01
1.290000000000000036e-01 5.250000000000000222e-01 5.969999999999999751e-01 8.249999999999999556e-01
1.290000000000000036e-01 6.560000000000000275e-01 5.070000000000000062e-01 1.068000000000000060e+00
1.290000000000000036e-01 7.870000000000000329e-01 4.660000000000000253e-01 1.312000000000000055e+00
1.290000000000000036e-01 9.240000000000000435e-01 4.889999999999999902e-01 1.556000000000000050e+00
1.290000000000000036e-01 1.086999999999999966e+00 5.380000000000000338e-01 1.800000000000000044e+00
1.290000000000000036e-01 1.292999999999999927e+00 6.250000000000000000e-01 2.044000000000000039e+00
1.290000000000000036e-01 1.605999999999999872e+00 8.110000000000000542e-01 2.286999999999999922e+00
1.320000000000000062e-01 2.096000000000000085e+00 1.169000000000000039e+00 2.535000000000000142e+00
2.360000000000000153e-01 2.789000000000000146e+00 1.715999999999999970e+00 2.891999999999999904e+00
5.879999999999999671e-01 3.713999999999999968e+00 2.150999999999999801e+00 3.629999999999999893e+00
1.018000000000000016e+00 4.892999999999999794e+00 2.491999999999999993e+00 4.615000000000000213e+00
1.457999999999999963e+00 6.356999999999999318e+00 2.967000000000000082e+00 5.657000000000000028e+00
1.905000000000000027e+00 8.129999999999999005e+00 3.694999999999999840e+00 6.716000000000000192e+00
2.363999999999999879e+00 1.024200000000000088e+01 4.727999999999999758e+00 7.793000000000000149e+00
2.968000000000000416e+00 1.275000000000000000e+01 6.000000000000000000e+00 8.896000000000000796e+00
4.108999999999999986e+00 1.527599999999999980e+01 6.761999999999999567e+00 1.000399999999999956e+01
5.208000000000000185e+00 1.739000000000000057e+01 7.169999999999999929e+00 1.104299999999999926e+01
6.296999999999999709e+00 1.920400000000000063e+01 7.347000000000000419e+00 1.200200000000000067e+01
7.333999999999999631e+00 2.080000000000000071e+01 7.387999999999999901e+00 1.292500000000000071e+01
8.259000000000000341e+00 2.221099999999999852e+01 7.373000000000000220e+00 1.382300000000000040e+01
9.099999999999999645e+00 2.347899999999999920e+01 7.309999999999999609e+00 1.471199999999999974e+01
9.838000000000000966e+00 2.462099999999999866e+01 7.230999999999999872e+00 1.558999999999999986e+01
1.050500000000000078e+01 2.565700000000000003e+01 7.128000000000000114e+00 1.646199999999999974e+01
1.110699999999999932e+01 2.660500000000000043e+01 7.012999999999999901e+00 1.733200000000000074e+01
1.165600000000000058e+01 2.747800000000000153e+01 6.871000000000000441e+00 1.819999999999999929e+01
1.215900000000000070e+01 2.828099999999999881e+01 6.849000000000000199e+00 1.906500000000000128e+01
1.262999999999999901e+01 2.902499999999999858e+01 6.823000000000000398e+00 1.992800000000000082e+01
1.305199999999999960e+01 2.971599999999999753e+01 6.788000000000000256e+00 2.076999999999999957e+01
1.342200000000000060e+01 3.036400000000000077e+01 6.748000000000000220e+00 2.158599999999999852e+01
1.374500000000000099e+01 3.096999999999999886e+01 6.703000000000000291e+00 2.237500000000000000e+01
1.402799999999999869e+01 3.153999999999999915e+01 6.650999999999999801e+00 2.314199999999999946e+01
1.428699999999999903e+01 3.207699999999999818e+01 6.581999999999999851e+00 2.388700000000000045e+01
1.452500000000000036e+01 3.258500000000000085e+01 6.496999999999999886e+00 2.461599999999999966e+01
1.474699999999999989e+01 3.306700000000000017e+01 6.394999999999999574e+00 2.532999999999999829e+01
1.495500000000000007e+01 3.352499999999999858e+01 6.277000000000000135e+00 2.602799999999999869e+01
1.514899999999999913e+01 3.396200000000000330e+01 6.144999999999999574e+00 2.671399999999999864e+01
1.533200000000000074e+01 3.437800000000000011e+01 5.998999999999999666e+00 2.738599999999999923e+01
1.550500000000000078e+01 3.477899999999999636e+01 5.839999999999999858e+00 2.805099999999999838e+01
1.567000000000000171e+01 3.516100000000000136e+01 5.671000000000000263e+00 2.870400000000000063e+01
1.582499999999999929e+01 3.552899999999999636e+01 5.490999999999999659e+00 2.934900000000000020e+01
1.597200000000000131e+01 3.588299999999999557e+01 5.301000000000000156e+00 2.998499999999999943e+01
1.611299999999999955e+01 3.622399999999999665e+01 5.102000000000000313e+00 3.061400000000000077e+01
1.624699999999999989e+01 3.655499999999999972e+01 4.894999999999999574e+00 3.123699999999999832e+01
1.637500000000000000e+01 3.687400000000000233e+01 4.705000000000000071e+00 3.185300000000000153e+01
1.649699999999999989e+01 3.718200000000000216e+01 4.562000000000000277e+00 3.246399999999999864e+01
1.661400000000000077e+01 3.748199999999999932e+01 4.415000000000000036e+00 3.306700000000000017e+01
1.672599999999999909e+01 3.777299999999999613e+01 4.261999999999999567e+00 3.366700000000000159e+01
1.683399999999999963e+01 3.805700000000000216e+01 4.104000000000000092e+00 3.426299999999999812e+01
1.693799999999999883e+01 3.833299999999999841e+01 3.943999999999999950e+00 3.485399999999999920e+01
1.703699999999999903e+01 3.860099999999999909e+01 3.779999999999999805e+00 3.543999999999999773e+01
1.713400000000000034e+01 3.886399999999999721e+01 3.612999999999999989e+00 3.602300000000000324e+01
1.722700000000000031e+01 3.911999999999999744e+01 3.443000000000000060e+00 3.660300000000000153e+01
1.731599999999999895e+01 3.936999999999999744e+01 3.270000000000000018e+00 3.717900000000000205e+01
1.740399999999999991e+01 3.961700000000000443e+01 3.095000000000000195e+00 3.775200000000000244e+01
1.748700000000000188e+01 3.985600000000000165e+01 2.915999999999999925e+00 3.832099999999999795e+01
1.756899999999999906e+01 4.009199999999999875e+01 2.733999999999999986e+00 3.888799999999999812e+01
1.764799999999999969e+01 4.032399999999999807e+01 2.549999999999999822e+00 3.945400000000000063e+01
