1.290000000000000036e-01 1.310000000000000053e-01 8.010000000000000453e-01 1.290000000000000036e-01
1.290000000000000036e-01 2.620000000000000107e-01 9.070000000000000284e-01 1.940000000000000058e-01
1.290000000000000036e-01 3.930000000000000160e-01 9.340000000000000524e-01 3.230000000000000093e-01
1.290000000000000036e-01 5.250000000000000222e-01 9.579999999999999627e-01 4.530000000000000138e-01
1.290000000000000036e-01 6.560000000000000275e-01 9.829999999999999849e-01 5.819999999999999618e-01
1.290000000000000036e-01 7.870000000000000329e-01 1.006999999999999895e+00 7.119999999999999662e-01
1.290000000000000036e-01 9.240000000000000435e-01 1.036999999999999922e+00 8.419999999999999707e-01
1.290000000000000036e-01 1.086999999999999966e+00 1.094000000000000083e+00 9.719999999999999751e-01
1.290000000000000036e-01 1.292999999999999927e+00 1.193999999999999950e+00 1.102000000000000091e+00
1.290000000000000036e-01 1.605999999999999872e+00 1.401000000000000023e+00 1.231000000000000094e+00
1.320000000000000062e-01 2.096000000000000085e+00 1.796999999999999931e+00 1.364999999999999991e+00
2.350000000000000144e-01 2.789000000000000146e+00 2.366000000000000103e+00 1.604999999999999982e+00
4.879999999999999893e-01 3.713999999999999968e+00 2.954000000000000181e+00 2.120999999999999996e+00
8.490000000000000879e-01 4.892999999999999794e+00 3.505999999999999783e+00 2.835999999999999854e+00
1.320999999999999952e+00 6.356999999999999318e+00 4.078999999999999737e+00 3.634999999999999787e+00
1.836000000000000076e+00 8.129999999999999005e+00 4.865999999999999659e+00 4.458000000000000185e+00
2.403000000000000025e+00 1.024200000000000088e+01 5.915000000000000036e+00 5.299999999999999822e+00
3.291999999999999815e+00 1.275000000000000000e+01 7.019999999999999574e+00 6.166999999999999815e+00
4.862999999999999545e+00 1.527599999999999980e+01 7.474000000000000199e+00 7.043000000000000149e+00
6.381999999999999673e+00 1.739000000000000057e+01 7.584999999999999964e+00 7.860000000000000320e+00
7.849000000000000199e+00 1.920400000000000063e+01 7.508000000000000007e+00 8.605999999999999872e+00
9.179999999999999716e+00 2.080000000000000071e+01 7.384000000000000341e+00 9.314000000000000057e+00
1.033000000000000007e+01 2.221099999999999852e+01 7.282000000000000028e+00 9.990999999999999659e+00
1.132099999999999973e+01 2.347899999999999920e+01 7.211999999999999744e+00 1.065300000000000047e+01
1.221199999999999974e+01 2.462099999999999866e+01 7.131000000000000227e+00 1.130300000000000082e+01
1.303200000000000003e+01 2.565700000000000003e+01 7.027000000000000135e+00 1.194400000000000084e+01
1.378999999999999915e+01 2.660500000000000043e+01 6.907000000000000028e+00 1.258099999999999952e+01
1.450099999999999945e+01 2.747800000000000153e+01 6.758000000000000007e+00 1.321599999999999930e+01
1.516099999999999781e+01 2.828099999999999881e+01 6.733999999999999986e+00 1.384800000000000075e+01
1.577799999999999869e+01 2.902499999999999858e+01 6.717999999999999972e+00 1.447799999999999976e+01
1.633599999999999852e+01 2.971599999999999753e+01 6.703000000000000291e+00 1.508799999999999919e+01
1.683699999999999974e+01 3.036400000000000077e+01 6.689000000000000057e+00 1.566999999999999993e+01
1.728399999999999892e+01 3.096999999999999886e+01 6.676000000000000156e+00 1.622700000000000031e+01
1.768400000000000105e+01 3.153999999999999915e+01 6.666000000000000369e+00 1.676000000000000156e+01
1.803999999999999915e+01 3.207699999999999818e+01 6.657000000000000028e+00 1.727299999999999969e+01
1.835999999999999943e+01 3.258500000000000085e+01 6.647999999999999687e+00 1.776899999999999835e+01
1.864699999999999847e+01 3.306700000000000017e+01 6.641000000000000014e+00 1.824899999999999878e+01
1.890199999999999747e+01 3.352499999999999858e+01 6.634000000000000341e+00 1.871399999999999864e+01
1.912999999999999901e+01 3.396200000000000330e+01 6.626999999999999780e+00 1.916600000000000037e+01
1.933299999999999841e+01 3.437800000000000011e+01 6.621000000000000441e+00 1.960600000000000165e+01
1.951300000000000168e+01 3.477899999999999636e+01 6.615000000000000213e+00 2.003600000000000136e+01
1.967299999999999827e+01 3.516100000000000136e+01 6.610000000000000320e+00 2.045599999999999952e+01
1.981299999999999883e+01 3.552899999999999636e+01 6.604000000000000092e+00 2.086799999999999855e+01
1.993700000000000117e+01 3.588299999999999557e+01 6.599000000000000199e+00 2.126999999999999957e+01
2.004899999999999949e+01 3.622399999999999665e+01 6.589000000000000412e+00 2.166600000000000037e+01
2.015200000000000102e+01 3.655499999999999972e+01 6.573999999999999844e+00 2.205499999999999972e+01
2.024599999999999866e+01 3.687400000000000233e+01 6.554999999999999716e+00 2.243700000000000117e+01
2.033200000000000074e+01 3.718200000000000216e+01 6.530999999999999694e+00 2.281400000000000006e+01
2.043100000000000094e+01 3.748199999999999932e+01 6.477000000000000313e+00 2.317200000000000060e+01
2.052200000000000202e+01 3.777299999999999613e+01 6.448999999999999844e+00 2.347100000000000009e+01
2.066300000000000026e+01 3.805700000000000216e+01 6.349999999999999645e+00 2.373400000000000176e+01
2.076900000000000190e+01 3.833299999999999841e+01 6.307000000000000384e+00 2.396999999999999886e+01
2.086299999999999955e+01 3.860099999999999909e+01 6.334999999999999964e+00 2.420899999999999963e+01
2.097299999999999898e+01 3.886399999999999721e+01 6.314000000000000057e+00 2.447500000000000142e+01
2.102100000000000080e+01 3.911999999999999744e+01 6.291999999999999815e+00 2.478300000000000125e+01
2.104199999999999804e+01 3.937100000000000222e+01 6.208000000000000185e+00 2.512199999999999989e+01
2.113400000000000034e+01 3.961700000000000443e+01 6.150999999999999801e+00 2.540299999999999869e+01
2.118900000000000361e+01 3.985600000000000165e+01 6.174999999999999822e+00 2.565700000000000003e+01
2.119699999999999918e+01 4.009199999999999875e+01 6.120000000000000107e+00 2.599899999999999878e+01
2.119699999999999918e+01 4.032399999999999807e+01 6.027999999999999581e+00 2.634100000000000108e+01
