1.290000000000000036e-01 1.310000000000000053e-01 8.020000000000000462e-01 1.290000000000000036e-01
1.290000000000000036e-01 2.620000000000000107e-01 8.449999999999999734e-01 2.630000000000000115e-01
1.290000000000000036e-01 3.930000000000000160e-01 8.129999999999999449e-01 4.500000000000000111e-01
1.290000000000000036e-01 5.250000000000000222e-01 7.800000000000000266e-01 6.370000000000000107e-01
1.290000000000000036e-01 6.560000000000000275e-01 7.479999999999999982e-01 8.229999999999999538e-01
1.290000000000000036e-01 7.870000000000000329e-01 7.149999999999999689e-01 1.010000000000000009e+00
1.290000000000000036e-01 9.240000000000000435e-01 6.879999999999999449e-01 1.197000000000000064e+00
1.290000000000000036e-01 1.086999999999999966e+00 6.879999999999999449e-01 1.383999999999999897e+00
1.290000000000000036e-01 1.292999999999999927e+00 7.309999999999999831e-01 1.570999999999999952e+00
1.290000000000000036e-01 1.605999999999999872e+00 8.810000000000000053e-01 1.756999999999999895e+00
1.320000000000000062e-01 2.096000000000000085e+00 1.219999999999999973e+00 1.947999999999999954e+00
2.360000000000000153e-01 2.789000000000000146e+00 1.770000000000000018e+00 2.246999999999999886e+00
5.879999999999999671e-01 3.713999999999999968e+00 2.233999999999999986e+00 2.924999999999999822e+00
1.018000000000000016e+00 4.892999999999999794e+00 2.629000000000000004e+00 3.850999999999999979e+00
1.457999999999999963e+00 6.356999999999999318e+00 3.160000000000000142e+00 4.834999999999999964e+00
1.905000000000000027e+00 8.129999999999999005e+00 3.946000000000000174e+00 5.836999999999999744e+00
2.363999999999999879e+00 1.024200000000000088e+01 5.035999999999999588e+00 6.857000000000000206e+00
2.964000000000000412e+00 1.275000000000000000e+01 6.365999999999999659e+00 7.902999999999999581e+00
4.167000000000000703e+00 1.527599999999999980e+01 7.125000000000000000e+00 8.952999999999999403e+00
5.458999999999999631e+00 1.739000000000000057e+01 7.397000000000000242e+00 9.935999999999999943e+00
6.713000000000000078e+00 1.920400000000000063e+01 7.463000000000000078e+00 1.083900000000000041e+01
7.894999999999999574e+00 2.080000000000000071e+01 7.416999999999999815e+00 1.170500000000000007e+01
8.944000000000000838e+00 2.221099999999999852e+01 7.334999999999999964e+00 1.254700000000000060e+01
9.842999999999999972e+00 2.347899999999999920e+01 7.269999999999999574e+00 1.337800000000000011e+01
1.063899999999999935e+01 2.462099999999999866e+01 7.190999999999999837e+00 1.419999999999999929e+01
1.136299999999999955e+01 2.565700000000000003e+01 7.088000000000000078e+00 1.501500000000000057e+01
1.202200000000000024e+01 2.660500000000000043e+01 6.972999999999999865e+00 1.582799999999999940e+01
1.262700000000000067e+01 2.747800000000000153e+01 6.831000000000000405e+00 1.663899999999999935e+01
1.318400000000000105e+01 2.828099999999999881e+01 6.814000000000000057e+00 1.744699999999999918e+01
1.369899999999999984e+01 2.902499999999999858e+01 6.799999999999999822e+00 1.825300000000000011e+01
1.415900000000000070e+01 2.971599999999999753e+01 6.785000000000000142e+00 1.903800000000000026e+01
1.456000000000000050e+01 3.036400000000000077e+01 6.770999999999999908e+00 1.979700000000000060e+01
1.490800000000000125e+01 3.096999999999999886e+01 6.758000000000000007e+00 2.052899999999999991e+01
1.521099999999999852e+01 3.153999999999999915e+01 6.743999999999999773e+00 2.123900000000000077e+01
1.548399999999999999e+01 3.207699999999999818e+01 6.716999999999999638e+00 2.192699999999999960e+01
1.573099999999999987e+01 3.258500000000000085e+01 6.679999999999999716e+00 2.259900000000000020e+01
1.595899999999999963e+01 3.306700000000000017e+01 6.628999999999999559e+00 2.325600000000000023e+01
1.616700000000000159e+01 3.352499999999999858e+01 6.567000000000000171e+00 2.389699999999999847e+01
1.636100000000000065e+01 3.396200000000000330e+01 6.490999999999999659e+00 2.452599999999999980e+01
1.654500000000000171e+01 3.437800000000000011e+01 6.402000000000000135e+00 2.514199999999999946e+01
1.671799999999999997e+01 3.477899999999999636e+01 6.301000000000000156e+00 2.574899999999999878e+01
1.688200000000000145e+01 3.516100000000000136e+01 6.189000000000000057e+00 2.634600000000000009e+01
1.703700000000000259e+01 3.552899999999999636e+01 6.065999999999999837e+00 2.693299999999999983e+01
1.718500000000000227e+01 3.588299999999999557e+01 5.932999999999999829e+00 2.751200000000000045e+01
1.732600000000000051e+01 3.622399999999999665e+01 5.791000000000000369e+00 2.808399999999999963e+01
1.746000000000000085e+01 3.655499999999999972e+01 5.641000000000000014e+00 2.865099999999999980e+01
1.758800000000000097e+01 3.687400000000000233e+01 5.482000000000000206e+00 2.921000000000000085e+01
1.771000000000000085e+01 3.718200000000000216e+01 5.317000000000000171e+00 2.976300000000000168e+01
1.777099999999999724e+01 3.748199999999999932e+01 5.190999999999999837e+00 3.025499999999999901e+01
1.777099999999999724e+01 3.777299999999999613e+01 5.086000000000000298e+00 3.067099999999999937e+01
1.780699999999999861e+01 3.805700000000000216e+01 5.041999999999999815e+00 3.101399999999999935e+01
1.784600000000000009e+01 3.833299999999999841e+01 5.054999999999999716e+00 3.134299999999999997e+01
1.787199999999999989e+01 3.860099999999999909e+01 5.001000000000000334e+00 3.172899999999999920e+01
1.787600000000000122e+01 3.886399999999999721e+01 4.911999999999999922e+00 3.210199999999999676e+01
1.792399999999999949e+01 3.911999999999999744e+01 4.833000000000000185e+00 3.245499999999999829e+01
1.794700000000000273e+01 3.936999999999999744e+01 4.714000000000000412e+00 3.285300000000000153e+01
1.795200000000000173e+01 3.961700000000000443e+01 4.633000000000000007e+00 3.319899999999999807e+01
1.796399999999999864e+01 3.985600000000000165e+01 4.551999999999999602e+00 3.354299999999999926e+01
1.796600000000000108e+01 4.009199999999999875e+01 4.488999999999999879e+00 3.389099999999999824e+01
1.798299999999999699e+01 4.032399999999999807e+01 4.453999999999999737e+00 3.418800000000000239e+01
